 DDSCAT --- DDSCAT 7.0.7 [08.11.12]   
 TARGET --- Cyl.prism, NAT=  19760 NFAC=1976 NLAY=  10 asp.ratio= 0.1994      
 GPFAFT --- method of solution 
 GKDLDR --- prescription for polarizabilities
 CYLINDER1 --- shape 
  19760 = NAT0 = number of dipoles
 diel.tab                                                    
   0.000   0.000 = beta_min, beta_max ;  NBETA = 1
   0.000 180.000 = theta_min, theta_max; NTHETA=20
   0.000 180.000 = phi_min, phi_max   ;   NPHI =20
10.0000 = ETASCA (param. controlling # of scatt. dirs used to calculate <cos> etc.
 Results averaged over  400 target orientations
                   and  2 incident polarizations
   aeff       wave       Q_ext     Q_abs      Q_sca     g(1)=<cos>  <cos^2>    Q_bk       Nsca
1.6736E-02 3.0000E-01 8.7051E-01 8.5117E-01 2.3255E-02  8.9049E-02 1.0000E+00 2.0156E-03     2
1.6736E-02 3.0500E-01 7.1385E-01 7.0184E-01 1.5242E-02  8.8235E-02 1.0000E+00 1.2637E-03     2
1.6736E-02 3.1000E-01 5.5875E-01 5.5224E-01 8.7919E-03  8.7194E-02 1.0000E+00 6.9291E-04     2
1.6736E-02 3.1500E-01 4.1277E-01 4.0969E-01 4.3815E-03  8.5797E-02 1.0000E+00 3.3167E-04     2
1.6736E-02 3.2000E-01 3.5391E-01 3.5134E-01 3.6618E-03  8.4023E-02 1.0000E+00 2.7715E-04     2
1.6736E-02 3.2500E-01 5.4721E-01 5.3841E-01 1.1037E-02  8.2866E-02 1.0000E+00 8.9990E-04     2
1.6736E-02 3.3000E-01 7.7409E-01 7.5067E-01 2.5111E-02  8.6365E-02 1.0000E+00 2.1077E-03     2
1.6736E-02 3.3500E-01 4.9457E-01 4.7421E-01 2.0023E-02  9.9230E-02 1.0000E+00 1.6468E-03     2
1.6736E-02 3.4000E-01 3.9753E-01 3.8013E-01 1.7035E-02  8.2794E-02 1.0000E+00 1.4640E-03     2
1.6736E-02 3.4500E-01 4.3644E-01 4.1776E-01 1.8639E-02  8.2009E-02 1.0000E+00 1.6438E-03     2
1.6736E-02 3.5000E-01 4.3663E-01 4.1382E-01 2.2727E-02  8.1459E-02 1.0000E+00 2.0710E-03     2
1.6736E-02 3.5500E-01 5.1812E-01 4.8844E-01 2.9959E-02  7.6158E-02 1.0000E+00 2.8016E-03     2
1.6736E-02 3.6000E-01 6.6808E-01 6.2775E-01 4.0715E-02  7.7637E-02 1.0000E+00 3.7447E-03     2
1.6736E-02 3.6500E-01 6.5710E-01 6.0559E-01 5.0651E-02  7.7301E-02 1.0000E+00 4.5455E-03     2
1.6736E-02 3.7000E-01 5.5317E-01 4.9376E-01 5.7714E-02  7.3273E-02 1.0000E+00 5.1929E-03     2
1.6736E-02 3.7500E-01 4.7011E-01 4.0148E-01 6.6691E-02  7.1128E-02 1.0000E+00 6.0363E-03     2
1.6736E-02 3.8000E-01 4.2489E-01 3.4640E-01 7.6776E-02  7.3141E-02 1.0000E+00 6.9991E-03     2
1.6736E-02 3.8500E-01 4.2307E-01 3.3098E-01 9.0628E-02  7.9734E-02 1.0000E+00 8.2983E-03     2
1.6736E-02 3.9000E-01 4.8572E-01 3.7328E-01 1.1111E-01  9.4961E-02 1.0000E+00 1.0143E-02     2
1.6736E-02 3.9500E-01 6.5587E-01 5.1736E-01 1.3724E-01  1.0533E-01 1.0000E+00 1.2517E-02     2
1.6736E-02 4.0000E-01 8.4506E-01 6.7327E-01 1.7084E-01  2.0544E-02 1.0000E+00 1.7195E-02     2
1.6736E-02 4.0500E-01 8.6883E-01 6.5140E-01 2.1652E-01 -4.5909E-02 1.0000E+00 2.3452E-02     2
1.6736E-02 4.1000E-01 9.8698E-01 7.0480E-01 2.8131E-01 -3.6784E-02 1.0000E+00 3.0363E-02     2
1.6736E-02 4.1500E-01 1.2197E+00 8.5011E-01 3.6878E-01 -2.3818E-02 1.0000E+00 3.9484E-02     2
1.6736E-02 4.2000E-01 1.5276E+00 1.0447E+00 4.8216E-01 -1.5786E-02 1.0000E+00 5.1422E-02     2
1.6736E-02 4.2500E-01 1.9465E+00 1.2952E+00 6.5078E-01 -1.0633E-02 1.0000E+00 6.9296E-02     2
1.6736E-02 4.3000E-01 2.6326E+00 1.7118E+00 9.2038E-01 -7.2487E-03 1.0000E+00 9.7978E-02     2
1.6736E-02 4.3500E-01 3.8474E+00 2.5113E+00 1.3359E+00 -4.7496E-03 1.0000E+00 1.4225E-01     2
1.6736E-02 4.4000E-01 5.9005E+00 3.8678E+00 2.0329E+00 -2.8955E-03 1.0000E+00 2.1665E-01     2
1.6736E-02 4.4500E-01 9.4647E+00 6.1402E+00 3.3254E+00 -1.5868E-03 1.0000E+00 3.5472E-01     2
1.6736E-02 4.5000E-01 1.7190E+01 1.1115E+01 6.0775E+00 -5.9100E-04 1.0000E+00 6.4925E-01     2
1.6736E-02 4.5500E-01 2.5069E+01 1.6585E+01 8.4889E+00  1.3294E-04 1.0000E+00 9.0914E-01     2
1.6736E-02 4.6000E-01 2.0515E+01 1.3691E+01 6.8294E+00  6.1900E-04 1.0000E+00 7.3368E-01     2
1.6736E-02 4.6500E-01 1.2062E+01 8.1438E+00 3.9220E+00  9.0695E-04 1.0000E+00 4.2214E-01     2
1.6736E-02 4.7000E-01 7.1406E+00 4.8646E+00 2.2785E+00  1.0378E-03 1.0000E+00 2.4560E-01     2
1.6736E-02 4.7500E-01 4.7812E+00 3.3050E+00 1.4780E+00  1.0695E-03 1.0000E+00 1.5951E-01     2
1.6736E-02 4.8000E-01 3.4075E+00 2.3382E+00 1.0706E+00  1.0044E-03 1.0000E+00 1.1570E-01     2
1.6736E-02 4.8500E-01 2.4265E+00 1.6499E+00 7.7759E-01  9.6230E-04 1.0000E+00 8.4148E-02     2
1.6736E-02 4.9000E-01 1.8158E+00 1.2341E+00 5.8246E-01  8.9310E-04 1.0000E+00 6.3118E-02     2
1.6736E-02 4.9500E-01 1.4566E+00 1.0112E+00 4.4601E-01  7.1783E-04 1.0000E+00 4.8391E-02     2
1.6736E-02 5.0000E-01 1.3237E+00 9.6729E-01 3.5707E-01  4.7995E-04 1.0000E+00 3.8771E-02     2
1.6736E-02 5.0500E-01 1.1860E+00 8.7509E-01 3.1151E-01  3.1716E-04 1.0000E+00 3.3849E-02     2
1.6736E-02 5.1000E-01 9.2651E-01 6.6378E-01 2.6319E-01  1.6138E-04 1.0000E+00 2.8637E-02     2
1.6736E-02 5.1500E-01 7.6297E-01 5.4176E-01 2.2159E-01 -1.1893E-04 1.0000E+00 2.4143E-02     2
1.6736E-02 5.2000E-01 6.4013E-01 4.5444E-01 1.8601E-01 -3.3095E-04 1.0000E+00 2.0290E-02     2
1.6736E-02 5.2500E-01 6.1365E-01 4.5345E-01 1.6055E-01 -4.4548E-04 1.0000E+00 1.7523E-02     2
1.6736E-02 5.3000E-01 5.4223E-01 3.9918E-01 1.4336E-01 -7.1515E-04 1.0000E+00 1.5661E-02     2
1.6736E-02 5.3500E-01 4.5426E-01 3.2864E-01 1.2587E-01 -1.0857E-03 1.0000E+00 1.3769E-02     2
1.6736E-02 5.4000E-01 4.0107E-01 2.9066E-01 1.1062E-01 -1.4357E-03 1.0000E+00 1.2116E-02     2
1.6736E-02 5.4500E-01 3.6098E-01 2.6262E-01 9.8552E-02 -1.6567E-03 1.0000E+00 1.0803E-02     2
1.6736E-02 5.5000E-01 3.2716E-01 2.3911E-01 8.8240E-02 -1.8189E-03 1.0000E+00 9.6800E-03     2
1.6736E-02 5.5500E-01 3.0210E-01 2.2212E-01 8.0163E-02 -2.0847E-03 1.0000E+00 8.8007E-03     2
1.6736E-02 5.6000E-01 2.7299E-01 1.9968E-01 7.3470E-02 -2.3891E-03 1.0000E+00 8.0727E-03     2
1.6736E-02 5.6500E-01 2.4250E-01 1.7538E-01 6.7249E-02 -2.7114E-03 1.0000E+00 7.3961E-03     2
1.6736E-02 5.7000E-01 2.1801E-01 1.5650E-01 6.1626E-02 -3.0162E-03 1.0000E+00 6.7839E-03     2
1.6736E-02 5.7500E-01 1.9955E-01 1.4289E-01 5.6772E-02 -3.3495E-03 1.0000E+00 6.2550E-03     2
1.6736E-02 5.8000E-01 1.7805E-01 1.2565E-01 5.2495E-02 -3.6444E-03 1.0000E+00 5.7890E-03     2
1.6736E-02 5.8500E-01 1.6132E-01 1.1305E-01 4.8356E-02 -3.8911E-03 1.0000E+00 5.3368E-03     2
1.6736E-02 5.9000E-01 1.4999E-01 1.0540E-01 4.4673E-02 -4.0800E-03 1.0000E+00 4.9335E-03     2
1.6736E-02 5.9500E-01 1.3955E-01 9.8258E-02 4.1368E-02 -4.3815E-03 1.0000E+00 4.5717E-03     2
1.6736E-02 6.0000E-01 1.3099E-01 9.2648E-02 3.8415E-02 -4.7589E-03 1.0000E+00 4.2486E-03     2
1.6736E-02 6.0500E-01 1.2416E-01 8.8472E-02 3.5762E-02 -5.1247E-03 1.0000E+00 3.9581E-03     2
1.6736E-02 6.1000E-01 1.1727E-01 8.3930E-02 3.3408E-02 -5.4080E-03 1.0000E+00 3.7001E-03     2
1.6736E-02 6.1500E-01 1.0935E-01 7.8170E-02 3.1242E-02 -5.6409E-03 1.0000E+00 3.4625E-03     2
1.6736E-02 6.2000E-01 1.0137E-01 7.2195E-02 2.9236E-02 -5.8807E-03 1.0000E+00 3.2423E-03     2
1.6736E-02 6.2500E-01 9.6488E-02 6.9172E-02 2.7371E-02 -6.0639E-03 1.0000E+00 3.0368E-03     2
1.6736E-02 6.3000E-01 9.5936E-02 7.0265E-02 2.5729E-02 -6.2516E-03 1.0000E+00 2.8553E-03     2
1.6736E-02 6.3500E-01 9.5157E-02 7.0885E-02 2.4333E-02 -6.4873E-03 1.0000E+00 2.7011E-03     2
1.6736E-02 6.4000E-01 9.1481E-02 6.8479E-02 2.3061E-02 -6.6251E-03 1.0000E+00 2.5607E-03     2
1.6736E-02 6.4500E-01 8.5471E-02 6.3680E-02 2.1846E-02 -6.7627E-03 1.0000E+00 2.4271E-03     2
1.6736E-02 6.5000E-01 8.0124E-02 5.9549E-02 2.0627E-02 -7.0383E-03 1.0000E+00 2.2930E-03     2
1.6736E-02 6.5500E-01 8.0345E-02 6.0920E-02 1.9479E-02 -7.3778E-03 1.0000E+00 2.1662E-03     2
