 DDSCAT --- DDSCAT 7.0.7 [08.11.12]   
 TARGET --- Cyl.prism, NAT=  19760 NFAC=1976 NLAY=  10 asp.ratio= 0.1994      
 GPFAFT --- method of solution 
 GKDLDR --- prescription for polarizabilities
 CYLINDER1 --- shape 
  19760 = NAT0 = number of dipoles
 diel.tab                                                    
   0.000   0.000 = beta_min, beta_max ;  NBETA = 1
   0.000 180.000 = theta_min, theta_max; NTHETA=20
   0.000 180.000 = phi_min, phi_max   ;   NPHI =20
 Results averaged over  400 target orientations
                   and  2 incident polarizations
   aeff       wave       Q_pha       Q_pol       Q_cpol
1.6736E-02 3.0000E-01  1.7684E-01  0.0000E+00  0.0000E+00
1.6736E-02 3.0500E-01  1.3667E-01  5.9605E-08  1.4901E-08
1.6736E-02 3.1000E-01  8.1393E-02  5.9605E-08  0.0000E+00
1.6736E-02 3.1500E-01  1.1755E-02 -5.9605E-08  9.3132E-10
1.6736E-02 3.2000E-01 -7.3062E-02 -2.9802E-08 -2.2352E-08
1.6736E-02 3.2500E-01 -1.8009E-01  1.1921E-07  1.4901E-08
1.6736E-02 3.3000E-01 -1.2314E-01  5.9605E-08  1.4901E-08
1.6736E-02 3.3500E-01 -7.6925E-02  2.9802E-08  0.0000E+00
1.6736E-02 3.4000E-01 -1.8097E-01  0.0000E+00  2.9802E-08
1.6736E-02 3.4500E-01 -2.6343E-01  2.9802E-08  5.9605E-08
1.6736E-02 3.5000E-01 -3.6236E-01  5.9605E-08  5.9605E-08
1.6736E-02 3.5500E-01 -4.6737E-01  0.0000E+00  2.9802E-08
1.6736E-02 3.6000E-01 -5.0552E-01 -1.1921E-07  5.9605E-08
1.6736E-02 3.6500E-01 -4.8754E-01  0.0000E+00  2.9802E-08
1.6736E-02 3.7000E-01 -5.3734E-01  0.0000E+00  1.1921E-07
1.6736E-02 3.7500E-01 -6.2664E-01  2.9802E-08 -5.9605E-08
1.6736E-02 3.8000E-01 -7.4778E-01  2.9802E-08  5.9605E-08
1.6736E-02 3.8500E-01 -8.8914E-01 -2.9802E-08  0.0000E+00
1.6736E-02 3.9000E-01 -1.0605E+00 -5.9605E-08  0.0000E+00
1.6736E-02 3.9500E-01 -1.2323E+00  5.9605E-08  0.0000E+00
1.6736E-02 4.0000E-01 -1.3521E+00  5.9605E-08  2.3842E-07
1.6736E-02 4.0500E-01 -1.5334E+00 -5.9605E-08  1.1921E-07
1.6736E-02 4.1000E-01 -1.8153E+00  5.9605E-08  2.3842E-07
1.6736E-02 4.1500E-01 -2.1416E+00 -2.3842E-07  2.3842E-07
1.6736E-02 4.2000E-01 -2.5028E+00  1.1921E-07 -4.7684E-07
1.6736E-02 4.2500E-01 -2.9582E+00 -1.1921E-07  0.0000E+00
1.6736E-02 4.3000E-01 -3.5491E+00  0.0000E+00  0.0000E+00
1.6736E-02 4.3500E-01 -4.2369E+00 -2.3842E-07  9.5367E-07
1.6736E-02 4.4000E-01 -5.0508E+00 -4.7684E-07  0.0000E+00
1.6736E-02 4.4500E-01 -5.9653E+00 -1.9073E-06  0.0000E+00
1.6736E-02 4.5000E-01 -5.9879E+00  0.0000E+00  0.0000E+00
1.6736E-02 4.5500E-01 -1.1709E+00 -1.9073E-06  2.3842E-07
1.6736E-02 4.6000E-01  5.1457E+00  0.0000E+00 -4.7684E-07
1.6736E-02 4.6500E-01  6.4517E+00 -9.5367E-07 -4.7684E-07
1.6736E-02 4.7000E-01  5.8252E+00  0.0000E+00 -1.9073E-06
1.6736E-02 4.7500E-01  5.0423E+00  0.0000E+00  9.5367E-07
1.6736E-02 4.8000E-01  4.5014E+00  2.3842E-07  0.0000E+00
1.6736E-02 4.8500E-01  3.9763E+00  7.1526E-07  2.3842E-07
1.6736E-02 4.9000E-01  3.5309E+00 -2.3842E-07 -7.1526E-07
1.6736E-02 4.9500E-01  3.1485E+00  0.0000E+00  0.0000E+00
1.6736E-02 5.0000E-01  2.8508E+00  0.0000E+00  0.0000E+00
1.6736E-02 5.0500E-01  2.6997E+00  1.1921E-07  0.0000E+00
1.6736E-02 5.1000E-01  2.5290E+00  0.0000E+00  0.0000E+00
1.6736E-02 5.1500E-01  2.3564E+00  1.1921E-07  2.3842E-07
1.6736E-02 5.2000E-01  2.1897E+00 -5.9605E-08  4.7684E-07
1.6736E-02 5.2500E-01  2.0561E+00 -1.7881E-07  2.3842E-07
1.6736E-02 5.3000E-01  1.9669E+00  0.0000E+00 -2.3842E-07
1.6736E-02 5.3500E-01  1.8673E+00  0.0000E+00 -1.1921E-07
1.6736E-02 5.4000E-01  1.7714E+00 -2.9802E-08  0.0000E+00
1.6736E-02 5.4500E-01  1.6909E+00  0.0000E+00  0.0000E+00
1.6736E-02 5.5000E-01  1.6178E+00 -1.1921E-07  0.0000E+00
1.6736E-02 5.5500E-01  1.5582E+00  2.9802E-08 -1.1921E-07
1.6736E-02 5.6000E-01  1.5074E+00 -2.9802E-08  2.3842E-07
1.6736E-02 5.6500E-01  1.4574E+00 -2.9802E-08 -1.1921E-07
1.6736E-02 5.7000E-01  1.4096E+00  1.4901E-08  2.3842E-07
1.6736E-02 5.7500E-01  1.3664E+00  1.4901E-08 -1.1921E-07
1.6736E-02 5.8000E-01  1.3270E+00  0.0000E+00 -1.1921E-07
1.6736E-02 5.8500E-01  1.2862E+00  0.0000E+00  0.0000E+00
1.6736E-02 5.9000E-01  1.2481E+00  0.0000E+00 -1.1921E-07
1.6736E-02 5.9500E-01  1.2123E+00  1.4901E-08  0.0000E+00
1.6736E-02 6.0000E-01  1.1790E+00 -2.9802E-08  0.0000E+00
1.6736E-02 6.0500E-01  1.1479E+00  7.4506E-09  2.3842E-07
1.6736E-02 6.1000E-01  1.1196E+00 -7.4506E-09 -4.7684E-07
1.6736E-02 6.1500E-01  1.0925E+00 -1.4901E-08 -2.3842E-07
1.6736E-02 6.2000E-01  1.0663E+00 -7.4506E-09  0.0000E+00
1.6736E-02 6.2500E-01  1.0408E+00  7.4506E-09  1.1921E-07
1.6736E-02 6.3000E-01  1.0176E+00  0.0000E+00  0.0000E+00
1.6736E-02 6.3500E-01  9.9779E-01 -7.4506E-09  0.0000E+00
1.6736E-02 6.4000E-01  9.7943E-01 -7.4506E-09 -5.9605E-08
1.6736E-02 6.4500E-01  9.6133E-01 -2.2352E-08  5.9605E-08
1.6736E-02 6.5000E-01  9.4194E-01  7.4506E-09  5.9605E-08
1.6736E-02 6.5500E-01  9.2270E-01  1.4901E-08 -5.9605E-08
