 DDSCAT --- DDSCAT 7.0.7 [09.12.11]   
 TARGET --- Cyl.prism, NAT=   2445 NFAC= 489 NLAY=   5 asp.ratio= 0.2004      
 GPFAFT --- method of solution 
 GKDLDR --- prescription for polarizabilities
 CYLINDER1 --- shape 
   2445 = NAT0 = number of dipoles
 diel.tab                                                    
   0.000   0.000 = beta_min, beta_max ;  NBETA = 1
   0.000 180.000 = theta_min, theta_max; NTHETA= 5
   0.000 180.000 = phi_min, phi_max   ;   NPHI = 5
10.0000 = ETASCA (param. controlling # of scatt. dirs used to calculate <cos> etc.
 Results averaged over   25 target orientations
                   and  2 incident polarizations
   aeff       wave       Q_ext     Q_abs      Q_sca     g(1)=<cos>  <cos^2>    Q_bk       Nsca
1.6736E-02 3.0000E-01 6.4471E-01 6.3590E-01 1.1565E-02  9.3761E-02 1.0000E+00 9.2426E-04     2
1.6736E-02 3.0500E-01 5.3919E-01 5.3337E-01 7.9265E-03  9.1513E-02 1.0000E+00 6.1642E-04     2
1.6736E-02 3.1000E-01 4.3300E-01 4.2922E-01 5.2828E-03  8.9175E-02 1.0000E+00 4.0329E-04     2
1.6736E-02 3.1500E-01 3.2914E-01 3.2629E-01 4.0073E-03  8.6330E-02 1.0000E+00 3.0683E-04     2
1.6736E-02 3.2000E-01 2.8816E-01 2.8431E-01 5.1020E-03  8.2857E-02 1.0000E+00 4.1166E-04     2
1.6736E-02 3.2500E-01 4.6330E-01 4.5202E-01 1.3248E-02  7.6670E-02 1.0000E+00 1.1645E-03     2
1.6736E-02 3.3000E-01 9.4520E-01 9.0348E-01 4.4336E-02  5.9812E-02 1.0000E+00 4.0728E-03     2
1.6736E-02 3.3500E-01 1.2312E+00 1.1486E+00 8.4302E-02  3.7057E-02 1.0000E+00 7.5775E-03     2
1.6736E-02 3.4000E-01 6.4087E-01 6.0757E-01 3.4043E-02  1.0931E-01 1.0000E+00 2.7188E-03     2
1.6736E-02 3.4500E-01 4.8006E-01 4.5949E-01 2.0894E-02  1.0708E-01 1.0000E+00 1.6732E-03     2
1.6736E-02 3.5000E-01 3.4116E-01 3.2407E-01 1.6872E-02  8.5995E-02 1.0000E+00 1.4051E-03     2
1.6736E-02 3.5500E-01 2.9081E-01 2.7534E-01 1.4918E-02  7.1997E-02 1.0000E+00 1.3234E-03     2
1.6736E-02 3.6000E-01 3.2408E-01 3.0920E-01 1.4399E-02  6.6148E-02 1.0000E+00 1.3103E-03     2
1.6736E-02 3.6500E-01 2.6152E-01 2.4810E-01 1.2747E-02  6.6825E-02 1.0000E+00 1.1873E-03     2
1.6736E-02 3.7000E-01 2.1869E-01 2.0466E-01 1.3189E-02  6.8442E-02 1.0000E+00 1.2741E-03     2
1.6736E-02 3.7500E-01 2.2750E-01 2.1214E-01 1.4683E-02  7.2661E-02 1.0000E+00 1.4518E-03     2
1.6736E-02 3.8000E-01 2.8023E-01 2.6301E-01 1.6884E-02  7.0156E-02 1.0000E+00 1.6837E-03     2
1.6736E-02 3.8500E-01 3.3283E-01 3.1396E-01 1.9092E-02  6.6828E-02 1.0000E+00 1.9172E-03     2
1.6736E-02 3.9000E-01 6.1102E-01 5.8343E-01 2.8962E-02  7.5632E-02 1.0000E+00 2.7698E-03     2
1.6736E-02 3.9500E-01 5.8843E-01 5.5548E-01 3.2296E-02  7.6614E-02 1.0000E+00 2.9735E-03     2
1.6736E-02 4.0000E-01 5.3948E-01 5.0760E-01 3.1212E-02  6.7132E-02 1.0000E+00 2.9865E-03     2
1.6736E-02 4.0500E-01 5.4452E-01 5.0669E-01 3.6396E-02  6.9004E-02 1.0000E+00 3.3960E-03     2
1.6736E-02 4.1000E-01 4.6162E-01 4.2164E-01 3.7988E-02  6.4317E-02 1.0000E+00 3.5985E-03     2
1.6736E-02 4.1500E-01 4.0798E-01 3.6365E-01 4.1980E-02  6.1905E-02 1.0000E+00 3.9684E-03     2
1.6736E-02 4.2000E-01 3.2162E-01 2.7496E-01 4.4214E-02  6.0291E-02 1.0000E+00 4.2173E-03     2
1.6736E-02 4.2500E-01 3.0271E-01 2.5306E-01 4.7174E-02  6.0505E-02 1.0000E+00 4.5527E-03     2
1.6736E-02 4.3000E-01 3.2147E-01 2.6933E-01 4.9641E-02  6.3511E-02 1.0000E+00 4.8010E-03     2
1.6736E-02 4.3500E-01 3.1664E-01 2.6006E-01 5.4110E-02  6.5353E-02 1.0000E+00 5.2489E-03     2
1.6736E-02 4.4000E-01 3.6313E-01 3.0395E-01 5.6805E-02  7.4608E-02 1.0000E+00 5.5132E-03     2
1.6736E-02 4.4500E-01 3.8714E-01 3.2348E-01 6.1382E-02  6.5601E-02 1.0000E+00 6.0409E-03     2
1.6736E-02 4.5000E-01 4.1184E-01 3.4167E-01 6.7770E-02  6.5587E-02 1.0000E+00 6.7032E-03     2
1.6736E-02 4.5500E-01 4.7707E-01 3.9628E-01 7.8289E-02  7.8076E-02 1.0000E+00 7.6595E-03     2
1.6736E-02 4.6000E-01 6.6976E-01 5.7797E-01 8.9398E-02  4.5319E-02 1.0000E+00 9.0594E-03     2
1.6736E-02 4.6500E-01 6.5622E-01 5.6103E-01 9.2926E-02 -1.1228E-03 1.0000E+00 9.8523E-03     2
1.6736E-02 4.7000E-01 6.6964E-01 5.5900E-01 1.0853E-01 -1.2803E-03 1.0000E+00 1.1508E-02     2
1.6736E-02 4.7500E-01 7.1988E-01 5.9511E-01 1.2277E-01 -2.9879E-02 1.0000E+00 1.3394E-02     2
1.6736E-02 4.8000E-01 7.2068E-01 5.7743E-01 1.4143E-01 -2.9946E-02 1.0000E+00 1.5438E-02     2
1.6736E-02 4.8500E-01 8.0573E-01 6.3564E-01 1.6843E-01 -2.3225E-02 1.0000E+00 1.8286E-02     2
1.6736E-02 4.9000E-01 9.5606E-01 7.5373E-01 2.0077E-01 -1.7266E-02 1.0000E+00 2.1695E-02     2
1.6736E-02 4.9500E-01 1.1378E+00 8.9439E-01 2.4194E-01 -1.2408E-02 1.0000E+00 2.6045E-02     2
1.6736E-02 5.0000E-01 1.4612E+00 1.1619E+00 2.9789E-01 -8.7773E-03 1.0000E+00 3.2008E-02     2
1.6736E-02 5.0500E-01 1.8810E+00 1.5091E+00 3.7062E-01 -6.4660E-03 1.0000E+00 3.9770E-02     2
1.6736E-02 5.1000E-01 2.5681E+00 2.1014E+00 4.6550E-01 -4.5509E-03 1.0000E+00 4.9915E-02     2
1.6736E-02 5.1500E-01 3.3441E+00 2.7981E+00 5.4497E-01 -3.5675E-03 1.0000E+00 5.8454E-02     2
1.6736E-02 5.2000E-01 3.9103E+00 3.2549E+00 6.5455E-01 -2.7767E-03 1.0000E+00 7.0205E-02     2
1.6736E-02 5.2500E-01 5.2402E+00 4.3484E+00 8.9130E-01 -1.8431E-03 1.0000E+00 9.5598E-02     2
1.6736E-02 5.3000E-01 6.9735E+00 5.7726E+00 1.2007E+00 -1.2059E-03 1.0000E+00 1.2877E-01     2
1.6736E-02 5.3500E-01 1.0016E+01 8.2743E+00 1.7428E+00 -6.4662E-04 1.0000E+00 1.8710E-01     2
1.6736E-02 5.4000E-01 1.3426E+01 1.1169E+01 2.2588E+00 -2.4939E-04 1.0000E+00 2.4292E-01     2
1.6736E-02 5.4500E-01 1.7687E+01 1.4502E+01 3.1880E+00  7.9527E-06 1.0000E+00 3.4331E-01     2
1.6736E-02 5.5000E-01 2.0654E+01 1.6714E+01 3.9465E+00  2.9988E-04 1.0000E+00 4.2672E-01     2
1.6736E-02 5.5500E-01 1.7116E+01 1.3841E+01 3.2802E+00  4.9614E-04 1.0000E+00 3.5600E-01     2
1.6736E-02 5.6000E-01 1.2747E+01 1.0206E+01 2.5461E+00  5.9165E-04 1.0000E+00 2.7702E-01     2
1.6736E-02 5.6500E-01 8.3580E+00 6.5532E+00 1.8079E+00  6.6788E-04 1.0000E+00 1.9706E-01     2
1.6736E-02 5.7000E-01 5.1871E+00 3.9869E+00 1.2022E+00  7.4288E-04 1.0000E+00 1.3111E-01     2
1.6736E-02 5.7500E-01 3.3876E+00 2.5890E+00 7.9989E-01  7.9200E-04 1.0000E+00 8.7278E-02     2
1.6736E-02 5.8000E-01 2.4497E+00 1.8971E+00 5.5368E-01  7.9542E-04 1.0000E+00 6.0431E-02     2
1.6736E-02 5.8500E-01 2.1074E+00 1.7037E+00 4.0485E-01  8.2203E-04 1.0000E+00 4.4164E-02     2
1.6736E-02 5.9000E-01 1.9480E+00 1.6134E+00 3.3576E-01  8.1759E-04 1.0000E+00 3.6599E-02     2
1.6736E-02 5.9500E-01 1.5848E+00 1.3112E+00 2.7469E-01  7.9322E-04 1.0000E+00 2.9973E-02     2
1.6736E-02 6.0000E-01 1.4160E+00 1.1912E+00 2.2583E-01  7.4232E-04 1.0000E+00 2.4641E-02     2
1.6736E-02 6.0500E-01 1.2125E+00 1.0192E+00 1.9421E-01  5.9940E-04 1.0000E+00 2.1201E-02     2
1.6736E-02 6.1000E-01 1.0323E+00 8.7289E-01 1.6021E-01  4.4786E-04 1.0000E+00 1.7500E-02     2
1.6736E-02 6.1500E-01 9.6400E-01 8.2959E-01 1.3525E-01  2.7782E-04 1.0000E+00 1.4770E-02     2
1.6736E-02 6.2000E-01 9.3216E-01 8.1737E-01 1.1574E-01  1.0727E-04 1.0000E+00 1.2624E-02     2
1.6736E-02 6.2500E-01 1.0121E+00 9.1077E-01 1.0263E-01 -5.6084E-05 1.0000E+00 1.1149E-02     2
1.6736E-02 6.3000E-01 1.1469E+00 1.0453E+00 1.0322E-01 -2.0131E-04 1.0000E+00 1.1167E-02     2
1.6736E-02 6.3500E-01 1.0430E+00 9.3861E-01 1.0566E-01 -3.5858E-04 1.0000E+00 1.1474E-02     2
1.6736E-02 6.4000E-01 7.8838E-01 6.8901E-01 1.0015E-01 -5.6417E-04 1.0000E+00 1.0934E-02     2
1.6736E-02 6.4500E-01 5.5333E-01 4.6553E-01 8.8240E-02 -8.1619E-04 1.0000E+00 9.6706E-03     2
1.6736E-02 6.5000E-01 4.1681E-01 3.4058E-01 7.6528E-02 -1.0906E-03 1.0000E+00 8.4067E-03     2
1.6736E-02 6.5500E-01 3.3708E-01 2.7034E-01 6.6956E-02 -1.3349E-03 1.0000E+00 7.3665E-03     2
1.6736E-02 6.6000E-01 2.8491E-01 2.2620E-01 5.8886E-02 -1.4186E-03 1.0000E+00 6.4857E-03     2
1.6736E-02 6.6500E-01 2.5950E-01 2.0769E-01 5.1983E-02 -9.8356E-04 1.0000E+00 5.7252E-03     2
1.6736E-02 6.7000E-01 2.4746E-01 2.0140E-01 4.6238E-02 -4.5543E-04 1.0000E+00 5.0902E-03     2
1.6736E-02 6.7500E-01 2.5383E-01 2.1305E-01 4.0991E-02 -3.9398E-04 1.0000E+00 4.5090E-03     2
1.6736E-02 6.8000E-01 3.1599E-01 2.7963E-01 3.6729E-02 -7.5034E-04 1.0000E+00 4.0210E-03     2
1.6736E-02 6.8500E-01 4.6745E-01 4.3156E-01 3.6707E-02 -1.0755E-03 1.0000E+00 3.9592E-03     2
1.6736E-02 6.9000E-01 4.0082E-01 3.6109E-01 4.0295E-02 -1.2460E-03 1.0000E+00 4.3896E-03     2
1.6736E-02 6.9500E-01 2.3207E-01 1.9570E-01 3.6589E-02 -1.4050E-03 1.0000E+00 4.0278E-03     2
1.6736E-02 7.0000E-01 1.6860E-01 1.3627E-01 3.2455E-02 -1.6097E-03 1.0000E+00 3.5822E-03     2
1.6736E-02 7.0500E-01 1.4209E-01 1.1285E-01 2.9336E-02 -1.1955E-03 1.0000E+00 3.2397E-03     2
1.6736E-02 7.1000E-01 1.2293E-01 9.6602E-02 2.6413E-02 -1.0742E-03 1.0000E+00 2.9195E-03     2
1.6736E-02 7.1500E-01 1.2773E-01 1.0403E-01 2.3804E-02 -1.4634E-03 1.0000E+00 2.6301E-03     2
1.6736E-02 7.2000E-01 1.7232E-01 1.5071E-01 2.1804E-02 -1.8282E-03 1.0000E+00 2.3988E-03     2
1.6736E-02 7.2500E-01 2.1931E-01 1.9847E-01 2.1178E-02 -2.1128E-03 1.0000E+00 2.3146E-03     2
1.6736E-02 7.3000E-01 2.4717E-01 2.2616E-01 2.1419E-02 -2.3269E-03 1.0000E+00 2.3317E-03     2
1.6736E-02 7.3500E-01 1.6738E-01 1.4664E-01 2.0935E-02 -2.5139E-03 1.0000E+00 2.3005E-03     2
1.6736E-02 7.4000E-01 1.3825E-01 1.1984E-01 1.8568E-02 -2.8225E-03 1.0000E+00 2.0440E-03     2
1.6736E-02 7.4500E-01 2.1086E-01 1.9317E-01 1.8058E-02 -3.0017E-03 1.0000E+00 1.9650E-03     2
1.6736E-02 7.5000E-01 1.6896E-01 1.5098E-01 1.8207E-02 -2.8531E-03 1.0000E+00 1.9980E-03     2
1.6736E-02 7.5500E-01 1.4723E-01 1.2998E-01 1.7436E-02 -2.9513E-03 1.0000E+00 1.9173E-03     2
1.6736E-02 7.6000E-01 8.6628E-02 7.0233E-02 1.6463E-02 -3.0469E-03 1.0000E+00 1.8243E-03     2
1.6736E-02 7.6500E-01 6.1963E-02 4.6806E-02 1.5194E-02 -3.2865E-03 1.0000E+00 1.6872E-03     2
1.6736E-02 7.7000E-01 5.2550E-02 3.8453E-02 1.4125E-02 -3.5582E-03 1.0000E+00 1.5703E-03     2
1.6736E-02 7.7500E-01 4.8628E-02 3.5438E-02 1.3216E-02 -3.8137E-03 1.0000E+00 1.4707E-03     2
1.6736E-02 7.8000E-01 4.8517E-02 3.6162E-02 1.2384E-02 -4.0574E-03 1.0000E+00 1.3785E-03     2
1.6736E-02 7.8500E-01 5.6809E-02 4.5127E-02 1.1724E-02 -4.2599E-03 1.0000E+00 1.3043E-03     2
1.6736E-02 7.9000E-01 6.4149E-02 5.2953E-02 1.1251E-02 -4.4902E-03 1.0000E+00 1.2494E-03     2
1.6736E-02 7.9500E-01 5.8877E-02 4.8058E-02 1.0867E-02 -4.6447E-03 1.0000E+00 1.2080E-03     2
1.6736E-02 8.0000E-01 4.8899E-02 3.8629E-02 1.0304E-02 -4.8058E-03 1.0000E+00 1.1472E-03     2
1.6736E-02 8.0500E-01 5.3120E-02 4.3347E-02 9.8158E-03 -5.0579E-03 1.0000E+00 1.0911E-03     2
1.6736E-02 8.1000E-01 4.6156E-02 3.6730E-02 9.4608E-03 -5.2892E-03 1.0000E+00 1.0543E-03     2
1.6736E-02 8.1500E-01 3.8736E-02 2.9773E-02 8.9887E-03 -5.7050E-03 1.0000E+00 1.0033E-03     2
1.6736E-02 8.2000E-01 3.5478E-02 2.6929E-02 8.5713E-03 -6.2123E-03 1.0000E+00 9.5743E-04     2
1.6736E-02 8.2500E-01 3.1632E-02 2.3497E-02 8.1533E-03 -6.9972E-03 1.0000E+00 9.1176E-04     2
1.6736E-02 8.3000E-01 2.6701E-02 1.7256E-01-1.4460E-01 -1.8394E-04 1.0000E+00 8.5531E-04     2
1.6736E-02 8.3500E-01 3.4813E-02 2.7498E-02 7.3420E-03 -4.6744E-03 1.0000E+00 8.2289E-04     2
1.6736E-02 8.4000E-01 3.3004E-02 2.5933E-02 7.0953E-03 -2.9610E-03 1.0000E+00 7.8999E-04     2
1.6736E-02 8.4500E-01 2.9466E-02 2.2844E-02 6.6428E-03 -3.6896E-03 1.0000E+00 7.5387E-04     2
1.6736E-02 8.5000E-01 3.1752E-02 2.5324E-02 6.4525E-03 -4.4689E-03 1.0000E+00 7.2123E-04     2
1.6736E-02 8.5500E-01 3.5467E-02 2.9287E-02 6.2123E-03 -5.0714E-03 1.0000E+00 6.9166E-04     2
1.6736E-02 8.6000E-01 4.3206E-02 3.7185E-02 6.0694E-03 -5.2510E-03 1.0000E+00 6.7437E-04     2
1.6736E-02 8.6500E-01 3.1352E-02 3.3151E-02-1.6958E-03  1.0609E-02 1.0000E+00 6.5702E-04     2
1.6736E-02 8.7000E-01 2.3335E-02 1.7737E-02 5.6133E-03 -5.2463E-03 1.0000E+00 6.2755E-04     2
1.6736E-02 8.7500E-01 2.1351E-02 1.6003E-02 5.3621E-03 -5.7943E-03 1.0000E+00 6.0051E-04     2
1.6736E-02 8.8000E-01 2.0071E-02 1.4939E-02 5.1434E-03 -6.3312E-03 1.0000E+00 5.7677E-04     2
1.6736E-02 8.8500E-01 1.9332E-02 1.4404E-02 4.9400E-03 -6.9329E-03 1.0000E+00 5.5415E-04     2
1.6736E-02 8.9000E-01 6.2643E-02 2.0269E+01-6.9571E+00  1.4413E-03 1.0000E+00 5.5650E-04     2
1.6736E-02 8.9500E-01 1.8913E-02 1.4358E-02 4.5676E-03 -8.2655E-03 1.0000E+00 5.1383E-04     2
1.6736E-02 9.0000E-01 2.0327E-02 1.5924E-02 4.4166E-03 -8.6068E-03 1.0000E+00 4.9499E-04     2
