 DDSCAT --- DDSCAT 7.0.7 [09.12.11]   
 TARGET --- Cyl.prism, NAT=   2445 NFAC= 489 NLAY=   5 asp.ratio= 0.2004      
 GPFAFT --- method of solution 
 GKDLDR --- prescription for polarizabilities
 CYLINDER1 --- shape 
   2445 = NAT0 = number of dipoles
 diel.tab                                                    
   0.000   0.000 = beta_min, beta_max ;  NBETA = 1
   0.000 180.000 = theta_min, theta_max; NTHETA=10
   0.000 180.000 = phi_min, phi_max   ;   NPHI =10
10.0000 = ETASCA (param. controlling # of scatt. dirs used to calculate <cos> etc.
 Results averaged over  100 target orientations
                   and  2 incident polarizations
   aeff       wave       Q_ext     Q_abs      Q_sca     g(1)=<cos>  <cos^2>    Q_bk       Nsca
1.6736E-02 3.0000E-01 6.4436E-01 6.3556E-01 1.1534E-02  9.4739E-02 1.0000E+00 9.1779E-04     2
1.6736E-02 3.0500E-01 5.3909E-01 5.3327E-01 7.9076E-03  9.2386E-02 1.0000E+00 6.1321E-04     2
1.6736E-02 3.1000E-01 4.3314E-01 4.2936E-01 5.2743E-03  8.9818E-02 1.0000E+00 4.0196E-04     2
1.6736E-02 3.1500E-01 3.2947E-01 3.2661E-01 4.0053E-03  8.6646E-02 1.0000E+00 3.0634E-04     2
1.6736E-02 3.2000E-01 2.8869E-01 2.8483E-01 5.1044E-03  8.2819E-02 1.0000E+00 4.1123E-04     2
1.6736E-02 3.2500E-01 4.6473E-01 4.5341E-01 1.3252E-02  7.6192E-02 1.0000E+00 1.1600E-03     2
1.6736E-02 3.3000E-01 9.4925E-01 9.0734E-01 4.4105E-02  5.9414E-02 1.0000E+00 4.0290E-03     2
1.6736E-02 3.3500E-01 1.2360E+00 1.1530E+00 8.1950E-02  3.8124E-02 1.0000E+00 7.4168E-03     2
1.6736E-02 3.4000E-01 6.4202E-01 6.0859E-01 3.2412E-02  1.1152E-01 1.0000E+00 2.6327E-03     2
1.6736E-02 3.4500E-01 4.8111E-01 4.6048E-01 2.0024E-02  1.0891E-01 1.0000E+00 1.6135E-03     2
1.6736E-02 3.5000E-01 3.4180E-01 3.2468E-01 1.6293E-02  8.7928E-02 1.0000E+00 1.3490E-03     2
1.6736E-02 3.5500E-01 2.9117E-01 2.7569E-01 1.4780E-02  7.4170E-02 1.0000E+00 1.2723E-03     2
1.6736E-02 3.6000E-01 3.2417E-01 3.0929E-01 1.4446E-02  6.9685E-02 1.0000E+00 1.2637E-03     2
1.6736E-02 3.6500E-01 2.6186E-01 2.4845E-01 1.2935E-02  7.2443E-02 1.0000E+00 1.1453E-03     2
1.6736E-02 3.7000E-01 2.1946E-01 2.0546E-01 1.3515E-02  7.4010E-02 1.0000E+00 1.2326E-03     2
1.6736E-02 3.7500E-01 2.2885E-01 2.1352E-01 1.5041E-02  7.3298E-02 1.0000E+00 1.4170E-03     2
1.6736E-02 3.8000E-01 2.8162E-01 2.6444E-01 1.7197E-02  6.5808E-02 1.0000E+00 1.6575E-03     2
1.6736E-02 3.8500E-01 3.3434E-01 3.1552E-01 1.9291E-02  6.2705E-02 1.0000E+00 1.8970E-03     2
1.6736E-02 3.9000E-01 6.1381E-01 5.8622E-01 2.9168E-02  7.1448E-02 1.0000E+00 2.7428E-03     2
1.6736E-02 3.9500E-01 5.9058E-01 5.5763E-01 3.2648E-02  7.2039E-02 1.0000E+00 2.8933E-03     2
1.6736E-02 4.0000E-01 5.4121E-01 5.0936E-01 3.1730E-02  6.4074E-02 1.0000E+00 2.9150E-03     2
1.6736E-02 4.0500E-01 5.4614E-01 5.0832E-01 3.6838E-02  6.6230E-02 1.0000E+00 3.2925E-03     2
1.6736E-02 4.1000E-01 4.6276E-01 4.2281E-01 3.8550E-02  6.2440E-02 1.0000E+00 3.4832E-03     2
1.6736E-02 4.1500E-01 4.0887E-01 3.6458E-01 4.2504E-02  6.0769E-02 1.0000E+00 3.8335E-03     2
1.6736E-02 4.2000E-01 3.2200E-01 2.7540E-01 4.4866E-02  5.9672E-02 1.0000E+00 4.0757E-03     2
1.6736E-02 4.2500E-01 3.0287E-01 2.5331E-01 4.8098E-02  6.0209E-02 1.0000E+00 4.4088E-03     2
1.6736E-02 4.3000E-01 3.2154E-01 2.6950E-01 5.0718E-02  6.3723E-02 1.0000E+00 4.6552E-03     2
1.6736E-02 4.3500E-01 3.1689E-01 2.6043E-01 5.5281E-02  6.5643E-02 1.0000E+00 5.0971E-03     2
1.6736E-02 4.4000E-01 3.6344E-01 3.0439E-01 5.7966E-02  7.2913E-02 1.0000E+00 5.3640E-03     2
1.6736E-02 4.4500E-01 3.8727E-01 3.2377E-01 6.2586E-02  6.4495E-02 1.0000E+00 5.8878E-03     2
1.6736E-02 4.5000E-01 4.1215E-01 3.4215E-01 6.9033E-02  6.5590E-02 1.0000E+00 6.5347E-03     2
1.6736E-02 4.5500E-01 4.7796E-01 3.9737E-01 7.9699E-02  7.7048E-02 1.0000E+00 7.4722E-03     2
1.6736E-02 4.6000E-01 6.7094E-01 5.7938E-01 9.0885E-02  4.4069E-02 1.0000E+00 8.8687E-03     2
1.6736E-02 4.6500E-01 6.5649E-01 5.6154E-01 9.4344E-02 -2.8010E-03 1.0000E+00 9.6829E-03     2
1.6736E-02 4.7000E-01 6.6928E-01 5.5891E-01 1.0993E-01 -2.9119E-03 1.0000E+00 1.1321E-02     2
1.6736E-02 4.7500E-01 7.1891E-01 5.9446E-01 1.2408E-01 -2.9821E-02 1.0000E+00 1.3185E-02     2
1.6736E-02 4.8000E-01 7.1935E-01 5.7646E-01 1.4257E-01 -2.9505E-02 1.0000E+00 1.5201E-02     2
1.6736E-02 4.8500E-01 8.0406E-01 6.3441E-01 1.6939E-01 -2.2813E-02 1.0000E+00 1.8007E-02     2
1.6736E-02 4.9000E-01 9.5393E-01 7.5210E-01 2.0162E-01 -1.6925E-02 1.0000E+00 2.1366E-02     2
1.6736E-02 4.9500E-01 1.1352E+00 8.9240E-01 2.4266E-01 -1.2114E-02 1.0000E+00 2.5655E-02     2
1.6736E-02 5.0000E-01 1.4579E+00 1.1594E+00 2.9854E-01 -8.5825E-03 1.0000E+00 3.1536E-02     2
1.6736E-02 5.0500E-01 1.8766E+00 1.5056E+00 3.7122E-01 -6.4199E-03 1.0000E+00 3.9204E-02     2
1.6736E-02 5.1000E-01 2.5621E+00 2.0966E+00 4.6615E-01 -4.5379E-03 1.0000E+00 4.9220E-02     2
1.6736E-02 5.1500E-01 3.3361E+00 2.7914E+00 5.4573E-01 -3.5617E-03 1.0000E+00 5.7638E-02     2
1.6736E-02 5.2000E-01 3.9009E+00 3.2471E+00 6.5525E-01 -2.7787E-03 1.0000E+00 6.9260E-02     2
1.6736E-02 5.2500E-01 5.2280E+00 4.3383E+00 8.9186E-01 -1.8465E-03 1.0000E+00 9.4342E-02     2
1.6736E-02 5.3000E-01 6.9577E+00 5.7595E+00 1.2011E+00 -1.2062E-03 1.0000E+00 1.2713E-01     2
1.6736E-02 5.3500E-01 9.9941E+00 8.2559E+00 1.7429E+00 -6.4672E-04 1.0000E+00 1.8476E-01     2
1.6736E-02 5.4000E-01 1.3395E+01 1.1144E+01 2.2586E+00 -2.4936E-04 1.0000E+00 2.3986E-01     2
1.6736E-02 5.4500E-01 1.7645E+01 1.4468E+01 3.1861E+00  1.0105E-05 1.0000E+00 3.3891E-01     2
1.6736E-02 5.5000E-01 2.0598E+01 1.6668E+01 3.9415E+00  3.0396E-04 1.0000E+00 4.2094E-01     2
1.6736E-02 5.5500E-01 1.7060E+01 1.3796E+01 3.2738E+00  5.0521E-04 1.0000E+00 3.5075E-01     2
1.6736E-02 5.6000E-01 1.2701E+01 1.0169E+01 2.5396E+00  6.0298E-04 1.0000E+00 2.7274E-01     2
1.6736E-02 5.6500E-01 8.3282E+00 6.5301E+00 1.8028E+00  6.8154E-04 1.0000E+00 1.9401E-01     2
1.6736E-02 5.7000E-01 5.1694E+00 3.9734E+00 1.1988E+00  7.6022E-04 1.0000E+00 1.2916E-01     2
1.6736E-02 5.7500E-01 3.3765E+00 2.5806E+00 7.9766E-01  8.1940E-04 1.0000E+00 8.6012E-02     2
1.6736E-02 5.8000E-01 2.4420E+00 1.8912E+00 5.5217E-01  8.3037E-04 1.0000E+00 5.9575E-02     2
1.6736E-02 5.8500E-01 2.1012E+00 1.6988E+00 4.0386E-01  8.6010E-04 1.0000E+00 4.3555E-02     2
1.6736E-02 5.9000E-01 1.9424E+00 1.6089E+00 3.3504E-01  8.5467E-04 1.0000E+00 3.6112E-02     2
1.6736E-02 5.9500E-01 1.5801E+00 1.3072E+00 2.7408E-01  8.2807E-04 1.0000E+00 2.9578E-02     2
1.6736E-02 6.0000E-01 1.4119E+00 1.1877E+00 2.2536E-01  7.8204E-04 1.0000E+00 2.4320E-02     2
1.6736E-02 6.0500E-01 1.2088E+00 1.0160E+00 1.9378E-01  6.4549E-04 1.0000E+00 2.0926E-02     2
1.6736E-02 6.1000E-01 1.0293E+00 8.7035E-01 1.5986E-01  4.9855E-04 1.0000E+00 1.7274E-02     2
1.6736E-02 6.1500E-01 9.6124E-01 8.2723E-01 1.3498E-01  3.3181E-04 1.0000E+00 1.4582E-02     2
1.6736E-02 6.2000E-01 9.2961E-01 8.1517E-01 1.1552E-01  1.6288E-04 1.0000E+00 1.2465E-02     2
1.6736E-02 6.2500E-01 1.0097E+00 9.0860E-01 1.0249E-01  1.4875E-06 1.0000E+00 1.1013E-02     2
1.6736E-02 6.3000E-01 1.1442E+00 1.0428E+00 1.0314E-01 -1.4721E-04 1.0000E+00 1.1038E-02     2
1.6736E-02 6.3500E-01 1.0398E+00 9.3568E-01 1.0555E-01 -3.1281E-04 1.0000E+00 1.1340E-02     2
1.6736E-02 6.4000E-01 7.8560E-01 6.8652E-01 9.9967E-02 -5.2445E-04 1.0000E+00 1.0799E-02     2
1.6736E-02 6.4500E-01 5.5145E-01 4.6392E-01 8.8036E-02 -7.8062E-04 1.0000E+00 9.5501E-03     2
1.6736E-02 6.5000E-01 4.1551E-01 3.3950E-01 7.6339E-02 -1.0553E-03 1.0000E+00 8.3031E-03     2
1.6736E-02 6.5500E-01 3.3608E-01 2.6954E-01 6.6787E-02 -1.2824E-03 1.0000E+00 7.2769E-03     2
1.6736E-02 6.6000E-01 2.8408E-01 2.2555E-01 5.8735E-02 -1.3489E-03 1.0000E+00 6.4073E-03     2
1.6736E-02 6.6500E-01 2.5880E-01 2.0714E-01 5.1849E-02 -9.1419E-04 1.0000E+00 5.6563E-03     2
1.6736E-02 6.7000E-01 2.4686E-01 2.0094E-01 4.6122E-02 -3.9154E-04 1.0000E+00 5.0295E-03     2
1.6736E-02 6.7500E-01 2.5328E-01 2.1263E-01 4.0894E-02 -3.3108E-04 1.0000E+00 4.4558E-03     2
1.6736E-02 6.8000E-01 3.1548E-01 2.7922E-01 3.6661E-02 -6.7893E-04 1.0000E+00 3.9752E-03     2
1.6736E-02 6.8500E-01 4.6675E-01 4.3095E-01 3.6684E-02 -9.9139E-04 1.0000E+00 3.9189E-03     2
1.6736E-02 6.9000E-01 3.9918E-01 3.5956E-01 4.0230E-02 -1.1602E-03 1.0000E+00 4.3406E-03     2
1.6736E-02 6.9500E-01 2.3114E-01 1.9487E-01 3.6499E-02 -1.3278E-03 1.0000E+00 3.9804E-03     2
1.6736E-02 7.0000E-01 1.6807E-01 1.3583E-01 3.2372E-02 -1.5370E-03 1.0000E+00 3.5406E-03     2
1.6736E-02 7.0500E-01 1.4162E-01 1.1247E-01 2.9261E-02 -1.1296E-03 1.0000E+00 3.2027E-03     2
1.6736E-02 7.1000E-01 1.2255E-01 9.6295E-02 2.6344E-02 -1.0096E-03 1.0000E+00 2.8862E-03     2
1.6736E-02 7.1500E-01 1.2734E-01 1.0370E-01 2.3743E-02 -1.3961E-03 1.0000E+00 2.6004E-03     2
1.6736E-02 7.2000E-01 1.7195E-01 1.5041E-01 2.1753E-02 -1.7549E-03 1.0000E+00 2.3710E-03     2
1.6736E-02 7.2500E-01 2.1904E-01 1.9826E-01 2.1142E-02 -2.0384E-03 1.0000E+00 2.2891E-03     2
1.6736E-02 7.3000E-01 2.4691E-01 2.2595E-01 2.1397E-02 -2.2517E-03 1.0000E+00 2.3088E-03     2
1.6736E-02 7.3500E-01 1.6662E-01 1.4593E-01 2.0891E-02 -2.4465E-03 1.0000E+00 2.2750E-03     2
1.6736E-02 7.4000E-01 1.3787E-01 1.1951E-01 1.8527E-02 -2.7553E-03 1.0000E+00 2.0214E-03     2
1.6736E-02 7.4500E-01 2.1041E-01 1.9277E-01 1.8027E-02 -2.9296E-03 1.0000E+00 1.9441E-03     2
1.6736E-02 7.5000E-01 1.6868E-01 1.5075E-01 1.8176E-02 -2.7897E-03 1.0000E+00 1.9780E-03     2
1.6736E-02 7.5500E-01 1.4649E-01 1.2929E-01 1.7394E-02 -2.8917E-03 1.0000E+00 1.8968E-03     2
1.6736E-02 7.6000E-01 8.6266E-02 6.9910E-02 1.6428E-02 -2.9907E-03 1.0000E+00 1.8042E-03     2
1.6736E-02 7.6500E-01 6.1730E-02 4.6615E-02 1.5155E-02 -3.2197E-03 1.0000E+00 1.6688E-03     2
1.6736E-02 7.7000E-01 5.2356E-02 3.8299E-02 1.4088E-02 -3.4906E-03 1.0000E+00 1.5534E-03     2
1.6736E-02 7.7500E-01 4.8427E-02 3.5273E-02 1.3181E-02 -3.7503E-03 1.0000E+00 1.4550E-03     2
1.6736E-02 7.8000E-01 4.8286E-02 3.5965E-02 1.2351E-02 -3.9904E-03 1.0000E+00 1.3637E-03     2
1.6736E-02 7.8500E-01 5.6817E-02 4.5168E-02 1.1693E-02 -4.1803E-03 1.0000E+00 1.2902E-03     2
