 DDSCAT --- DDSCAT 7.0.7 [09.12.11]   
 TARGET ---validation_equivalent_to_cyl_avg_latt2nm                           
 GPFAFT --- method of solution 
 GKDLDR --- prescription for polarizabilities
 FROM_FILE --- shape 
   2445 = NAT0 = number of dipoles
 diel.tab                                                    
   0.000   0.000 = beta_min, beta_max ;  NBETA = 1
   0.000 180.000 = theta_min, theta_max; NTHETA= 5
   0.000 180.000 = phi_min, phi_max   ;   NPHI = 5
10.0000 = ETASCA (param. controlling # of scatt. dirs used to calculate <cos> etc.
 Results averaged over   25 target orientations
                   and  2 incident polarizations
   aeff       wave       Q_ext     Q_abs      Q_sca     g(1)=<cos>  <cos^2>    Q_bk       Nsca
1.6736E-02 3.0000E-01 6.4471E-01 6.3590E-01 1.1565E-02  9.3761E-02 1.0000E+00 9.2426E-04     2
1.6736E-02 3.0500E-01 5.3919E-01 5.3337E-01 7.9265E-03  9.1513E-02 1.0000E+00 6.1642E-04     2
1.6736E-02 3.1000E-01 4.3300E-01 4.2922E-01 5.2828E-03  8.9175E-02 1.0000E+00 4.0329E-04     2
1.6736E-02 3.1500E-01 3.2914E-01 3.2629E-01 4.0073E-03  8.6330E-02 1.0000E+00 3.0683E-04     2
1.6736E-02 3.2000E-01 2.8816E-01 2.8432E-01 5.1020E-03  8.2857E-02 1.0000E+00 4.1167E-04     2
1.6736E-02 3.2500E-01 4.6330E-01 4.5202E-01 1.3248E-02  7.6670E-02 1.0000E+00 1.1645E-03     2
1.6736E-02 3.3000E-01 9.4520E-01 9.0348E-01 4.4336E-02  5.9812E-02 1.0000E+00 4.0728E-03     2
1.6736E-02 3.3500E-01 1.2312E+00 1.1486E+00 8.4301E-02  3.7057E-02 1.0000E+00 7.5775E-03     2
1.6736E-02 3.4000E-01 6.4087E-01 6.0757E-01 3.4043E-02  1.0931E-01 1.0000E+00 2.7188E-03     2
1.6736E-02 3.4500E-01 4.8006E-01 4.5949E-01 2.0894E-02  1.0708E-01 1.0000E+00 1.6732E-03     2
1.6736E-02 3.5000E-01 3.4116E-01 3.2407E-01 1.6872E-02  8.5995E-02 1.0000E+00 1.4051E-03     2
1.6736E-02 3.5500E-01 2.9081E-01 2.7534E-01 1.4918E-02  7.1997E-02 1.0000E+00 1.3234E-03     2
1.6736E-02 3.6000E-01 3.2408E-01 3.0920E-01 1.4399E-02  6.6148E-02 1.0000E+00 1.3103E-03     2
1.6736E-02 3.6500E-01 2.6152E-01 2.4810E-01 1.2747E-02  6.6825E-02 1.0000E+00 1.1873E-03     2
1.6736E-02 3.7000E-01 2.1869E-01 2.0466E-01 1.3189E-02  6.8442E-02 1.0000E+00 1.2741E-03     2
1.6736E-02 3.7500E-01 2.2750E-01 2.1214E-01 1.4683E-02  7.2661E-02 1.0000E+00 1.4518E-03     2
1.6736E-02 3.8000E-01 2.8023E-01 2.6301E-01 1.6884E-02  7.0156E-02 1.0000E+00 1.6837E-03     2
1.6736E-02 3.8500E-01 3.3283E-01 3.1396E-01 1.9092E-02  6.6828E-02 1.0000E+00 1.9172E-03     2
1.6736E-02 3.9000E-01 6.1102E-01 5.8343E-01 2.8961E-02  7.5632E-02 1.0000E+00 2.7698E-03     2
1.6736E-02 3.9500E-01 5.8843E-01 5.5548E-01 3.2296E-02  7.6615E-02 1.0000E+00 2.9735E-03     2
1.6736E-02 4.0000E-01 5.3948E-01 5.0760E-01 3.1212E-02  6.7132E-02 1.0000E+00 2.9865E-03     2
1.6736E-02 4.0500E-01 5.4452E-01 5.0669E-01 3.6396E-02  6.9004E-02 1.0000E+00 3.3960E-03     2
1.6736E-02 4.1000E-01 4.6162E-01 4.2165E-01 3.7988E-02  6.4318E-02 1.0000E+00 3.5985E-03     2
1.6736E-02 4.1500E-01 4.0798E-01 3.6365E-01 4.1980E-02  6.1905E-02 1.0000E+00 3.9684E-03     2
1.6736E-02 4.2000E-01 3.2162E-01 2.7496E-01 4.4213E-02  6.0291E-02 1.0000E+00 4.2174E-03     2
1.6736E-02 4.2500E-01 3.0271E-01 2.5306E-01 4.7174E-02  6.0504E-02 1.0000E+00 4.5527E-03     2
1.6736E-02 4.3000E-01 3.2147E-01 2.6933E-01 4.9641E-02  6.3511E-02 1.0000E+00 4.8010E-03     2
1.6736E-02 4.3500E-01 3.1664E-01 2.6006E-01 5.4110E-02  6.5354E-02 1.0000E+00 5.2489E-03     2
1.6736E-02 4.4000E-01 3.6313E-01 3.0395E-01 5.6805E-02  7.4608E-02 1.0000E+00 5.5132E-03     2
1.6736E-02 4.4500E-01 3.8714E-01 3.2348E-01 6.1382E-02  6.5601E-02 1.0000E+00 6.0409E-03     2
1.6736E-02 4.5000E-01 4.1184E-01 3.4167E-01 6.7770E-02  6.5585E-02 1.0000E+00 6.7032E-03     2
1.6736E-02 4.5500E-01 4.7706E-01 3.9628E-01 7.8289E-02  7.8077E-02 1.0000E+00 7.6595E-03     2
1.6736E-02 4.6000E-01 6.6976E-01 5.7797E-01 8.9397E-02  4.5320E-02 1.0000E+00 9.0593E-03     2
1.6736E-02 4.6500E-01 6.5622E-01 5.6103E-01 9.2925E-02 -1.1232E-03 1.0000E+00 9.8523E-03     2
1.6736E-02 4.7000E-01 6.6964E-01 5.5900E-01 1.0853E-01 -1.2792E-03 1.0000E+00 1.1508E-02     2
1.6736E-02 4.7500E-01 7.1988E-01 5.9511E-01 1.2277E-01 -2.9878E-02 1.0000E+00 1.3394E-02     2
1.6736E-02 4.8000E-01 7.2068E-01 5.7743E-01 1.4143E-01 -2.9945E-02 1.0000E+00 1.5438E-02     2
1.6736E-02 4.8500E-01 8.0572E-01 6.3564E-01 1.6843E-01 -2.3225E-02 1.0000E+00 1.8286E-02     2
1.6736E-02 4.9000E-01 9.5606E-01 7.5372E-01 2.0077E-01 -1.7266E-02 1.0000E+00 2.1695E-02     2
1.6736E-02 4.9500E-01 1.1378E+00 8.9439E-01 2.4194E-01 -1.2408E-02 1.0000E+00 2.6045E-02     2
1.6736E-02 5.0000E-01 1.4612E+00 1.1619E+00 2.9789E-01 -8.7775E-03 1.0000E+00 3.2008E-02     2
1.6736E-02 5.0500E-01 1.8810E+00 1.5091E+00 3.7062E-01 -6.4664E-03 1.0000E+00 3.9770E-02     2
1.6736E-02 5.1000E-01 2.5681E+00 2.1014E+00 4.6549E-01 -4.5508E-03 1.0000E+00 4.9915E-02     2
1.6736E-02 5.1500E-01 3.3441E+00 2.7981E+00 5.4497E-01 -3.5673E-03 1.0000E+00 5.8455E-02     2
1.6736E-02 5.2000E-01 3.9103E+00 3.2549E+00 6.5454E-01 -2.7766E-03 1.0000E+00 7.0205E-02     2
1.6736E-02 5.2500E-01 5.2402E+00 4.3484E+00 8.9130E-01 -1.8431E-03 1.0000E+00 9.5598E-02     2
1.6736E-02 5.3000E-01 6.9735E+00 5.7727E+00 1.2007E+00 -1.2060E-03 1.0000E+00 1.2877E-01     2
1.6736E-02 5.3500E-01 1.0016E+01 8.2743E+00 1.7428E+00 -6.4657E-04 1.0000E+00 1.8710E-01     2
1.6736E-02 5.4000E-01 1.3426E+01 1.1169E+01 2.2588E+00 -2.4938E-04 1.0000E+00 2.4292E-01     2
1.6736E-02 5.4500E-01 1.7687E+01 1.4502E+01 3.1879E+00  8.3496E-06 1.0000E+00 3.4331E-01     2
1.6736E-02 5.5000E-01 2.0654E+01 1.6714E+01 3.9465E+00  2.9982E-04 1.0000E+00 4.2672E-01     2
1.6736E-02 5.5500E-01 1.7116E+01 1.3841E+01 3.2803E+00  4.9633E-04 1.0000E+00 3.5600E-01     2
1.6736E-02 5.6000E-01 1.2747E+01 1.0206E+01 2.5461E+00  5.9141E-04 1.0000E+00 2.7702E-01     2
1.6736E-02 5.6500E-01 8.3580E+00 6.5533E+00 1.8079E+00  6.6776E-04 1.0000E+00 1.9706E-01     2
1.6736E-02 5.7000E-01 5.1871E+00 3.9868E+00 1.2022E+00  7.4295E-04 1.0000E+00 1.3111E-01     2
1.6736E-02 5.7500E-01 3.3876E+00 2.5890E+00 7.9989E-01  7.9219E-04 1.0000E+00 8.7278E-02     2
1.6736E-02 5.8000E-01 2.4497E+00 1.8971E+00 5.5368E-01  7.9539E-04 1.0000E+00 6.0432E-02     2
1.6736E-02 5.8500E-01 2.1074E+00 1.7037E+00 4.0485E-01  8.2185E-04 1.0000E+00 4.4164E-02     2
1.6736E-02 5.9000E-01 1.9480E+00 1.6134E+00 3.3576E-01  8.1765E-04 1.0000E+00 3.6599E-02     2
1.6736E-02 5.9500E-01 1.5848E+00 1.3112E+00 2.7469E-01  7.9308E-04 1.0000E+00 2.9973E-02     2
1.6736E-02 6.0000E-01 1.4160E+00 1.1912E+00 2.2583E-01  7.4223E-04 1.0000E+00 2.4641E-02     2
1.6736E-02 6.0500E-01 1.2125E+00 1.0192E+00 1.9420E-01  5.9938E-04 1.0000E+00 2.1201E-02     2
1.6736E-02 6.1000E-01 1.0323E+00 8.7289E-01 1.6021E-01  4.4742E-04 1.0000E+00 1.7500E-02     2
1.6736E-02 6.1500E-01 9.6400E-01 8.2958E-01 1.3526E-01  2.7797E-04 1.0000E+00 1.4770E-02     2
1.6736E-02 6.2000E-01 9.3216E-01 8.1737E-01 1.1574E-01  1.0744E-04 1.0000E+00 1.2624E-02     2
1.6736E-02 6.2500E-01 1.0121E+00 9.1077E-01 1.0264E-01 -5.6238E-05 1.0000E+00 1.1149E-02     2
1.6736E-02 6.3000E-01 1.1469E+00 1.0453E+00 1.0322E-01 -2.0129E-04 1.0000E+00 1.1167E-02     2
1.6736E-02 6.3500E-01 1.0430E+00 9.3861E-01 1.0566E-01 -3.5860E-04 1.0000E+00 1.1474E-02     2
1.6736E-02 6.4000E-01 7.8837E-01 6.8901E-01 1.0015E-01 -5.6427E-04 1.0000E+00 1.0934E-02     2
1.6736E-02 6.4500E-01 5.5333E-01 4.6553E-01 8.8240E-02 -8.1623E-04 1.0000E+00 9.6706E-03     2
1.6736E-02 6.5000E-01 4.1681E-01 3.4058E-01 7.6529E-02 -1.0904E-03 1.0000E+00 8.4067E-03     2
1.6736E-02 6.5500E-01 3.3708E-01 2.7034E-01 6.6956E-02 -1.3350E-03 1.0000E+00 7.3665E-03     2
1.6736E-02 6.6000E-01 2.8490E-01 2.2620E-01 5.8885E-02 -1.4189E-03 1.0000E+00 6.4857E-03     2
1.6736E-02 6.6500E-01 2.5950E-01 2.0769E-01 5.1983E-02 -9.8276E-04 1.0000E+00 5.7252E-03     2
1.6736E-02 6.7000E-01 2.4746E-01 2.0140E-01 4.6238E-02 -4.5540E-04 1.0000E+00 5.0902E-03     2
1.6736E-02 6.7500E-01 2.5383E-01 2.1305E-01 4.0992E-02 -3.9385E-04 1.0000E+00 4.5090E-03     2
1.6736E-02 6.8000E-01 3.1598E-01 2.7963E-01 3.6730E-02 -7.5022E-04 1.0000E+00 4.0210E-03     2
1.6736E-02 6.8500E-01 4.6744E-01 4.3156E-01 3.6706E-02 -1.0756E-03 1.0000E+00 3.9592E-03     2
1.6736E-02 6.9000E-01 4.0082E-01 3.6110E-01 4.0296E-02 -1.2458E-03 1.0000E+00 4.3896E-03     2
1.6736E-02 6.9500E-01 2.3207E-01 1.9570E-01 3.6590E-02 -1.4051E-03 1.0000E+00 4.0278E-03     2
1.6736E-02 7.0000E-01 1.6860E-01 1.3627E-01 3.2456E-02 -1.6097E-03 1.0000E+00 3.5822E-03     2
1.6736E-02 7.0500E-01 1.4209E-01 1.1285E-01 2.9336E-02 -1.1954E-03 1.0000E+00 3.2397E-03     2
1.6736E-02 7.1000E-01 1.2293E-01 9.6603E-02 2.6413E-02 -1.0743E-03 1.0000E+00 2.9195E-03     2
1.6736E-02 7.1500E-01 1.2773E-01 1.0402E-01 2.3803E-02 -1.4633E-03 1.0000E+00 2.6301E-03     2
1.6736E-02 7.2000E-01 1.7233E-01 1.5073E-01 2.1801E-02 -1.8279E-03 1.0000E+00 2.3987E-03     2
1.6736E-02 7.2500E-01 2.1645E-01 1.9861E-01 1.8231E-02 -2.3116E-03 1.0000E+00 2.3178E-03     2
1.6736E-02 7.3000E-01 2.4716E-01 2.2616E-01 2.1418E-02 -2.3271E-03 1.0000E+00 2.3316E-03     2
1.6736E-02 7.3500E-01 1.6738E-01 1.4664E-01 2.0935E-02 -2.5139E-03 1.0000E+00 2.3005E-03     2
1.6736E-02 7.4000E-01 1.3825E-01 1.1983E-01 1.8569E-02 -2.8230E-03 1.0000E+00 2.0441E-03     2
1.6736E-02 7.4500E-01 2.1087E-01 1.9317E-01 1.8065E-02 -3.0001E-03 1.0000E+00 1.9647E-03     2
1.6736E-02 7.5000E-01 1.6900E-01 1.5102E-01 1.8208E-02 -2.8527E-03 1.0000E+00 1.9980E-03     2
1.6736E-02 7.5500E-01 1.4728E-01 1.3006E-01 1.7415E-02 -2.9512E-03 1.0000E+00 1.9171E-03     2
1.6736E-02 7.6000E-01 8.6659E-02 7.0256E-02 1.6470E-02 -3.0456E-03 1.0000E+00 1.8244E-03     2
1.6736E-02 7.6500E-01 6.2006E-02 4.6873E-02 1.5170E-02 -3.2900E-03 1.0000E+00 1.6873E-03     2
1.6736E-02 7.7000E-01 5.2552E-02 3.8455E-02 1.4125E-02 -3.5582E-03 1.0000E+00 1.5703E-03     2
1.6736E-02 7.7500E-01 4.8618E-02 3.5428E-02 1.3215E-02 -3.8135E-03 1.0000E+00 1.4707E-03     2
1.6736E-02 7.8000E-01 4.8460E-02 3.6121E-02 1.2368E-02 -4.0534E-03 1.0000E+00 1.3785E-03     2
1.6736E-02 7.8500E-01 5.6810E-02 4.5136E-02 1.1715E-02 -4.2627E-03 1.0000E+00 1.3044E-03     2
1.6736E-02 7.9000E-01 6.4128E-02 5.2939E-02 1.1244E-02 -4.4936E-03 1.0000E+00 1.2494E-03     2
1.6736E-02 7.9500E-01 5.8911E-02 4.8093E-02 1.0867E-02 -4.6453E-03 1.0000E+00 1.2080E-03     2
1.6736E-02 8.0000E-01 4.8911E-02 3.8636E-02 1.0308E-02 -4.8068E-03 1.0000E+00 1.1472E-03     2
1.6736E-02 8.0500E-01 5.3127E-02 4.3354E-02 9.8152E-03 -5.0585E-03 1.0000E+00 1.0911E-03     2
1.6736E-02 8.1000E-01 4.6153E-02 3.6718E-02 9.4695E-03 -5.2891E-03 1.0000E+00 1.0543E-03     2
1.6736E-02 8.1500E-01 3.8745E-02 2.9783E-02 8.9879E-03 -5.7073E-03 1.0000E+00 1.0033E-03     2
1.6736E-02 8.2000E-01 3.5434E-02 2.6862E-02 8.5935E-03 -6.2068E-03 1.0000E+00 9.5741E-04     2
1.6736E-02 8.2500E-01 3.1630E-02 2.3496E-02 8.1529E-03 -6.9956E-03 1.0000E+00 9.1176E-04     2
1.6736E-02 8.3000E-01 3.1092E-02 2.3372E-02 7.7401E-03 -7.2299E-03 1.0000E+00 8.6584E-04     2
1.6736E-02 8.3500E-01 3.4734E-02 2.7393E-02 7.3670E-03 -4.6369E-03 1.0000E+00 8.2272E-04     2
1.6736E-02 8.4000E-01 3.2992E-02 2.5902E-02 7.1130E-03 -2.9575E-03 1.0000E+00 7.8999E-04     2
1.6736E-02 8.4500E-01 2.9576E-02 2.2843E-02 6.7537E-03 -3.6319E-03 1.0000E+00 7.5392E-04     2
1.6736E-02 8.5000E-01 3.3571E-02 3.0333E-01-2.6389E-01 -6.7036E-03 1.0000E+00 7.0328E-04     2
1.6736E-02 8.5500E-01 3.5452E-02 2.9279E-02 6.2047E-03 -5.0731E-03 1.0000E+00 6.9165E-04     2
1.6736E-02 8.6000E-01 4.2749E-02 3.6959E-02 5.8430E-03 -5.1878E-03 1.0000E+00 6.7381E-04     2
1.6736E-02 8.6500E-01 3.1179E-02 2.5312E-02 5.8934E-03 -4.7895E-03 1.0000E+00 6.5628E-04     2
1.6736E-02 8.7000E-01 2.3311E-02 1.7722E-02 5.6044E-03 -5.2478E-03 1.0000E+00 6.2751E-04     2
1.6736E-02 8.7500E-01 4.7038E-02 7.5958E+00-2.8326E+00  3.0135E-03 1.0000E+00 5.9354E-04     2
1.6736E-02 8.8000E-01-5.2830E-02 1.0005E+02-3.3273E+01 -8.1541E-02 1.0000E+00 5.4495E-04     2
1.6736E-02 8.8500E-01 1.9322E-02 1.4381E-02 4.9531E-03 -6.9227E-03 1.0000E+00 5.5415E-04     2
1.6736E-02 8.9000E-01 3.0820E-02 1.8558E+01-6.3976E+00  1.0105E-02 1.0000E+00 5.0718E-04     2
1.6736E-02 8.9500E-01 1.8966E-02 1.4429E-02 4.5487E-03 -8.2847E-03 1.0000E+00 5.1379E-04     2
1.6736E-02 9.0000E-01 2.0781E-02 2.7112E-02-6.1473E-03 -1.6707E-02 1.0000E+00 4.9521E-04     2
