 DDSCAT --- DDSCAT 7.0.7 [09.12.11]   
 TARGET --- Cyl.prism, NAT=   3940 NFAC= 788 NLAY=   5 asp.ratio= 0.1579      
 GPFAFT --- method of solution 
 GKDLDR --- prescription for polarizabilities
 CYLINDER1 --- shape 
   3940 = NAT0 = number of dipoles
 diel.tab                                                    
   0.000   0.000 = beta_min, beta_max ;  NBETA = 1
   0.000 180.000 = theta_min, theta_max; NTHETA= 5
   0.000 180.000 = phi_min, phi_max   ;   NPHI = 5
10.0000 = ETASCA (param. controlling # of scatt. dirs used to calculate <cos> etc.
 Results averaged over   25 target orientations
                   and  2 incident polarizations
   aeff       wave       Q_ext     Q_abs      Q_sca     g(1)=<cos>  <cos^2>    Q_bk       Nsca
1.9524E-02 3.0000E-01 7.2837E-01 7.1346E-01 1.8238E-02  1.5014E-01 1.0000E+00 1.4674E-03     2
1.9524E-02 3.0500E-01 6.1143E-01 6.0151E-01 1.2696E-02  1.4640E-01 1.0000E+00 9.8625E-04     2
1.9524E-02 3.1000E-01 4.9408E-01 4.8760E-01 8.6264E-03  1.4285E-01 1.0000E+00 6.5130E-04     2
1.9524E-02 3.1500E-01 3.8131E-01 3.7633E-01 6.6494E-03  1.3885E-01 1.0000E+00 5.0411E-04     2
1.9524E-02 3.2000E-01 3.4318E-01 3.3628E-01 8.5081E-03  1.3398E-01 1.0000E+00 6.9431E-04     2
1.9524E-02 3.2500E-01 5.7839E-01 5.5723E-01 2.3242E-02  1.2520E-01 1.0000E+00 2.0406E-03     2
1.9524E-02 3.3000E-01 1.1663E+00 1.0899E+00 7.8600E-02  1.0158E-01 1.0000E+00 6.9462E-03     2
1.9524E-02 3.3500E-01 1.0417E+00 9.5105E-01 9.1661E-02  1.3430E-01 1.0000E+00 7.3583E-03     2
1.9524E-02 3.4000E-01 6.3578E-01 5.9141E-01 4.4846E-02  1.9918E-01 1.0000E+00 3.2619E-03     2
1.9524E-02 3.4500E-01 4.8166E-01 4.4851E-01 3.3234E-02  1.5330E-01 1.0000E+00 2.5397E-03     2
1.9524E-02 3.5000E-01 3.4196E-01 3.1480E-01 2.6810E-02  1.3532E-01 1.0000E+00 2.1146E-03     2
1.9524E-02 3.5500E-01 2.8537E-01 2.6068E-01 2.3977E-02  1.1484E-01 1.0000E+00 2.0071E-03     2
1.9524E-02 3.6000E-01 2.8920E-01 2.6404E-01 2.4086E-02  1.0718E-01 1.0000E+00 2.1211E-03     2
1.9524E-02 3.6500E-01 3.2762E-01 3.0116E-01 2.5297E-02  9.4223E-02 1.0000E+00 2.3119E-03     2
1.9524E-02 3.7000E-01 3.3108E-01 3.0776E-01 2.2260E-02  9.3975E-02 1.0000E+00 2.0556E-03     2
1.9524E-02 3.7500E-01 2.8680E-01 2.6474E-01 2.0950E-02  1.0012E-01 1.0000E+00 1.9667E-03     2
1.9524E-02 3.8000E-01 2.9448E-01 2.7133E-01 2.2314E-02  1.1140E-01 1.0000E+00 2.1177E-03     2
1.9524E-02 3.8500E-01 3.3669E-01 3.0982E-01 2.6139E-02  1.1173E-01 1.0000E+00 2.4921E-03     2
1.9524E-02 3.9000E-01 4.9185E-01 4.5938E-01 3.2645E-02  1.3834E-01 1.0000E+00 3.0082E-03     2
1.9524E-02 3.9500E-01 6.0583E-01 5.6449E-01 4.0832E-02  1.5118E-01 1.0000E+00 3.5939E-03     2
1.9524E-02 4.0000E-01 5.4882E-01 5.0025E-01 4.6943E-02  1.3699E-01 1.0000E+00 4.0734E-03     2
1.9524E-02 4.0500E-01 4.1838E-01 3.7106E-01 4.5105E-02  1.1411E-01 1.0000E+00 4.0849E-03     2
1.9524E-02 4.1000E-01 4.1327E-01 3.6173E-01 4.9146E-02  1.0570E-01 1.0000E+00 4.4730E-03     2
1.9524E-02 4.1500E-01 3.6537E-01 3.1004E-01 5.2732E-02  9.9905E-02 1.0000E+00 4.8206E-03     2
1.9524E-02 4.2000E-01 3.0364E-01 2.4481E-01 5.6254E-02  9.2366E-02 1.0000E+00 5.1711E-03     2
1.9524E-02 4.2500E-01 2.7106E-01 2.1012E-01 5.8447E-02  8.8908E-02 1.0000E+00 5.4305E-03     2
1.9524E-02 4.3000E-01 2.5228E-01 1.8950E-01 6.0254E-02  8.8609E-02 1.0000E+00 5.6640E-03     2
1.9524E-02 4.3500E-01 2.6089E-01 1.9536E-01 6.2959E-02  8.9596E-02 1.0000E+00 5.9527E-03     2
1.9524E-02 4.4000E-01 2.6366E-01 1.9345E-01 6.7589E-02  8.1189E-02 1.0000E+00 6.4863E-03     2
1.9524E-02 4.4500E-01 3.0410E-01 2.2712E-01 7.4259E-02  7.9931E-02 1.0000E+00 7.1613E-03     2
1.9524E-02 4.5000E-01 3.8381E-01 3.0412E-01 7.7007E-02  8.5982E-02 1.0000E+00 7.4344E-03     2
1.9524E-02 4.5500E-01 3.7766E-01 2.9750E-01 7.7519E-02  9.5254E-02 1.0000E+00 7.4053E-03     2
1.9524E-02 4.6000E-01 3.7301E-01 2.8507E-01 8.5271E-02  8.8815E-02 1.0000E+00 8.2130E-03     2
1.9524E-02 4.6500E-01 3.8382E-01 2.8720E-01 9.3919E-02  8.0707E-02 1.0000E+00 9.1470E-03     2
1.9524E-02 4.7000E-01 4.2161E-01 3.1498E-01 1.0384E-01  9.4148E-02 1.0000E+00 1.0014E-02     2
1.9524E-02 4.7500E-01 4.8216E-01 3.6590E-01 1.1347E-01  1.0469E-01 1.0000E+00 1.0841E-02     2
1.9524E-02 4.8000E-01 5.3850E-01 4.1296E-01 1.2283E-01  1.1839E-01 1.0000E+00 1.1553E-02     2
1.9524E-02 4.8500E-01 6.1388E-01 4.7701E-01 1.3462E-01  1.3749E-01 1.0000E+00 1.2352E-02     2
1.9524E-02 4.9000E-01 7.8028E-01 6.2822E-01 1.5036E-01  8.3268E-02 1.0000E+00 1.4627E-02     2
1.9524E-02 4.9500E-01 7.6586E-01 5.9905E-01 1.6520E-01 -3.8487E-02 1.0000E+00 1.8141E-02     2
1.9524E-02 5.0000E-01 7.3574E-01 5.5297E-01 1.8130E-01 -5.8721E-02 1.0000E+00 2.0281E-02     2
1.9524E-02 5.0500E-01 7.2830E-01 5.2354E-01 2.0348E-01 -5.5926E-02 1.0000E+00 2.2703E-02     2
1.9524E-02 5.1000E-01 7.7013E-01 5.3851E-01 2.3051E-01 -4.6021E-02 1.0000E+00 2.5509E-02     2
1.9524E-02 5.1500E-01 8.7958E-01 6.1305E-01 2.6549E-01 -3.7118E-02 1.0000E+00 2.9179E-02     2
1.9524E-02 5.2000E-01 1.0244E+00 7.2387E-01 2.9951E-01 -2.7876E-02 1.0000E+00 3.2671E-02     2
1.9524E-02 5.2500E-01 1.1962E+00 8.4987E-01 3.4539E-01 -2.0839E-02 1.0000E+00 3.7470E-02     2
1.9524E-02 5.3000E-01 1.4610E+00 1.0638E+00 3.9626E-01 -1.6367E-02 1.0000E+00 4.2871E-02     2
1.9524E-02 5.3500E-01 1.6322E+00 1.1836E+00 4.4768E-01 -1.3269E-02 1.0000E+00 4.8335E-02     2
1.9524E-02 5.4000E-01 1.8445E+00 1.3067E+00 5.3704E-01 -1.0385E-02 1.0000E+00 5.7865E-02     2
1.9524E-02 5.4500E-01 2.2329E+00 1.5687E+00 6.6343E-01 -8.1714E-03 1.0000E+00 7.1409E-02     2
1.9524E-02 5.5000E-01 2.7893E+00 1.9631E+00 8.2545E-01 -6.4921E-03 1.0000E+00 8.8801E-02     2
1.9524E-02 5.5500E-01 3.4048E+00 2.3780E+00 1.0261E+00 -5.0675E-03 1.0000E+00 1.1030E-01     2
1.9524E-02 5.6000E-01 4.2763E+00 2.9415E+00 1.3342E+00 -3.8021E-03 1.0000E+00 1.4330E-01     2
1.9524E-02 5.6500E-01 5.7879E+00 3.9678E+00 1.8197E+00 -2.7096E-03 1.0000E+00 1.9538E-01     2
1.9524E-02 5.7000E-01 8.2541E+00 5.7368E+00 2.5169E+00 -1.8254E-03 1.0000E+00 2.7022E-01     2
1.9524E-02 5.7500E-01 1.2010E+01 8.5055E+00 3.5046E+00 -1.1219E-03 1.0000E+00 3.7630E-01     2
1.9524E-02 5.8000E-01 1.6584E+01 1.2333E+01 4.2527E+00 -5.3073E-04 1.0000E+00 4.5736E-01     2
1.9524E-02 5.8500E-01 1.6955E+01 1.3258E+01 3.6990E+00 -2.4771E-04 1.0000E+00 3.9845E-01     2
1.9524E-02 5.9000E-01 1.9149E+01 1.4667E+01 4.4842E+00 -9.9518E-05 1.0000E+00 4.8260E-01     2
1.9524E-02 5.9500E-01 2.4747E+01 1.8175E+01 6.5760E+00  1.6849E-04 1.0000E+00 7.1048E-01     2
1.9524E-02 6.0000E-01 2.4226E+01 1.7562E+01 6.6684E+00  4.2755E-04 1.0000E+00 7.2475E-01     2
1.9524E-02 6.0500E-01 1.8290E+01 1.3367E+01 4.9270E+00  6.1880E-04 1.0000E+00 5.3727E-01     2
1.9524E-02 6.1000E-01 1.3090E+01 9.7515E+00 3.3422E+00  7.9648E-04 1.0000E+00 3.6441E-01     2
1.9524E-02 6.1500E-01 1.0210E+01 7.7320E+00 2.4814E+00  8.8813E-04 1.0000E+00 2.7019E-01     2
1.9524E-02 6.2000E-01 7.9205E+00 5.9651E+00 1.9580E+00  8.9632E-04 1.0000E+00 2.1323E-01     2
1.9524E-02 6.2500E-01 6.0546E+00 4.5459E+00 1.5106E+00  8.8118E-04 1.0000E+00 1.6451E-01     2
1.9524E-02 6.3000E-01 4.8099E+00 3.6331E+00 1.1785E+00  8.4790E-04 1.0000E+00 1.2844E-01     2
1.9524E-02 6.3500E-01 3.9407E+00 3.0072E+00 9.3495E-01  8.0432E-04 1.0000E+00 1.0202E-01     2
1.9524E-02 6.4000E-01 3.5757E+00 2.7880E+00 7.8920E-01  7.3599E-04 1.0000E+00 8.6073E-02     2
1.9524E-02 6.4500E-01 3.0323E+00 2.3175E+00 7.1593E-01  6.2552E-04 1.0000E+00 7.8108E-02     2
1.9524E-02 6.5000E-01 2.3583E+00 1.7541E+00 6.0502E-01  5.5121E-04 1.0000E+00 6.6073E-02     2
1.9524E-02 6.5500E-01 1.9388E+00 1.4287E+00 5.1079E-01  4.4901E-04 1.0000E+00 5.5800E-02     2
1.9524E-02 6.6000E-01 1.5971E+00 1.1561E+00 4.4164E-01  3.0070E-04 1.0000E+00 4.8267E-02     2
1.9524E-02 6.6500E-01 1.2911E+00 9.1117E-01 3.8040E-01  1.3104E-04 1.0000E+00 4.1597E-02     2
1.9524E-02 6.7000E-01 1.0482E+00 7.2171E-01 3.2679E-01 -4.9028E-05 1.0000E+00 3.5746E-02     2
1.9524E-02 6.7500E-01 8.5758E-01 5.7470E-01 2.8315E-01 -2.4543E-04 1.0000E+00 3.1005E-02     2
1.9524E-02 6.8000E-01 7.2727E-01 4.8219E-01 2.4531E-01 -4.4713E-04 1.0000E+00 2.6874E-02     2
1.9524E-02 6.8500E-01 6.1948E-01 4.0255E-01 2.1713E-01 -6.7542E-04 1.0000E+00 2.3799E-02     2
1.9524E-02 6.9000E-01 5.0818E-01 3.1759E-01 1.9074E-01 -9.3969E-04 1.0000E+00 2.0929E-02     2
1.9524E-02 6.9500E-01 4.4919E-01 2.8153E-01 1.6779E-01 -1.2259E-03 1.0000E+00 1.8418E-02     2
1.9524E-02 7.0000E-01 3.9849E-01 2.4841E-01 1.5020E-01 -1.3006E-03 1.0000E+00 1.6497E-02     2
1.9524E-02 7.0500E-01 3.5143E-01 2.1805E-01 1.3349E-01 -1.4815E-03 1.0000E+00 1.4673E-02     2
1.9524E-02 7.1000E-01 3.3953E-01 2.2011E-01 1.1953E-01 -1.2597E-03 1.0000E+00 1.3138E-02     2
1.9524E-02 7.1500E-01 3.1242E-01 2.0414E-01 1.0839E-01 -3.3745E-04 1.0000E+00 1.1904E-02     2
1.9524E-02 7.2000E-01 3.0211E-01 2.0528E-01 9.6939E-02 -1.8965E-04 1.0000E+00 1.0644E-02     2
1.9524E-02 7.2500E-01 3.5139E-01 2.6170E-01 8.9869E-02 -6.2458E-04 1.0000E+00 9.8571E-03     2
1.9524E-02 7.3000E-01 3.0218E-01 2.1758E-01 8.4740E-02 -9.4344E-04 1.0000E+00 9.3182E-03     2
1.9524E-02 7.3500E-01 2.7743E-01 2.0217E-01 7.5384E-02 -1.2722E-03 1.0000E+00 8.2968E-03     2
1.9524E-02 7.4000E-01 3.8203E-01 3.1240E-01 6.9884E-02 -1.5900E-03 1.0000E+00 7.6826E-03     2
1.9524E-02 7.4500E-01 3.3357E-01 2.6312E-01 7.0638E-02 -1.8133E-03 1.0000E+00 7.7560E-03     2
1.9524E-02 7.5000E-01 2.8186E-01 2.1912E-01 6.2906E-02 -2.1473E-03 1.0000E+00 6.9129E-03     2
1.9524E-02 7.5500E-01 3.3698E-01 2.7613E-01 6.1090E-02 -2.4091E-03 1.0000E+00 6.7210E-03     2
1.9524E-02 7.6000E-01 2.8879E-01 2.3202E-01 5.6962E-02 -2.6027E-03 1.0000E+00 6.2643E-03     2
1.9524E-02 7.6500E-01 2.9395E-01 2.3856E-01 5.5606E-02 -2.7983E-03 1.0000E+00 6.1207E-03     2
1.9524E-02 7.7000E-01 2.2291E-01 1.7114E-01 5.1901E-02 -2.9792E-03 1.0000E+00 5.7248E-03     2
1.9524E-02 7.7500E-01 2.2178E-01 1.7444E-01 4.7470E-02 -3.3007E-03 1.0000E+00 5.2371E-03     2
1.9524E-02 7.8000E-01 2.6734E-01 2.2232E-01 4.5222E-02 -3.5885E-03 1.0000E+00 4.9740E-03     2
1.9524E-02 7.8500E-01 2.6113E-01 2.1651E-01 4.4827E-02 -3.7152E-03 1.0000E+00 4.9374E-03     2
1.9524E-02 7.9000E-01 1.8950E-01 1.4630E-01 4.3310E-02 -3.9362E-03 1.0000E+00 4.7820E-03     2
1.9524E-02 7.9500E-01 1.4168E-01 1.0202E-01 3.9728E-02 -4.3377E-03 1.0000E+00 4.3935E-03     2
1.9524E-02 8.0000E-01 1.4946E-01 1.1283E-01 3.6711E-02 -4.8806E-03 1.0000E+00 4.0614E-03     2
1.9524E-02 8.0500E-01 1.6509E-01 1.2962E-01 3.5576E-02 -5.5094E-03 1.0000E+00 3.9349E-03     2
1.9524E-02 8.1000E-01 1.2736E-01 9.3482E-02 3.3938E-02 -6.1853E-03 1.0000E+00 3.7595E-03     2
1.9524E-02 8.1500E-01 1.1479E-01 8.2980E-02 3.1864E-02 -4.6195E-03 1.0000E+00 3.5251E-03     2
1.9524E-02 8.2000E-01 9.7327E-02 6.7276E-02 3.0094E-02 -1.9139E-03 1.0000E+00 3.3233E-03     2
1.9524E-02 8.2500E-01 8.7139E-02 5.8963E-02 2.8211E-02 -2.5922E-03 1.0000E+00 3.1192E-03     2
1.9524E-02 8.3000E-01 8.1986E-02 5.5386E-02 2.6633E-02 -3.4699E-03 1.0000E+00 2.9495E-03     2
1.9524E-02 8.3500E-01 7.2771E-02 4.7663E-02 2.5135E-02 -4.1775E-03 1.0000E+00 2.7862E-03     2
1.9524E-02 8.4000E-01 6.8262E-02 4.4615E-02 2.3673E-02 -4.8137E-03 1.0000E+00 2.6263E-03     2
1.9524E-02 8.4500E-01 6.5872E-02 4.3530E-02 2.2368E-02 -5.2078E-03 1.0000E+00 2.4828E-03     2
1.9524E-02 8.5000E-01 6.3110E-02 4.2064E-02 2.1071E-02 -5.6376E-03 1.0000E+00 2.3405E-03     2
1.9524E-02 8.5500E-01 6.7027E-02 4.7265E-02 1.9793E-02 -6.3061E-03 1.0000E+00 2.1999E-03     2
1.9524E-02 8.6000E-01 8.4179E-02 6.5610E-02 1.8622E-02 -5.7886E-03 1.0000E+00 2.0664E-03     2
1.9524E-02 8.6500E-01 1.0172E-01 8.3940E-02 1.7859E-02 -3.2232E-03 1.0000E+00 1.9737E-03     2
1.9524E-02 8.7000E-01 1.1998E-01 1.0320E-01 1.6904E-02 -3.7011E-03 1.0000E+00 1.8651E-03     2
1.9524E-02 8.7500E-01 1.6446E-01 1.4778E-01 1.6896E-02 -4.2237E-03 1.0000E+00 1.8536E-03     2
1.9524E-02 8.8000E-01 1.6370E-01 1.4731E-01 1.6608E-02 -4.7353E-03 1.0000E+00 1.8170E-03     2
1.9524E-02 8.8500E-01 1.8147E-01 1.6465E-01 1.7108E-02 -5.0134E-03 1.0000E+00 1.8647E-03     2
1.9524E-02 8.9000E-01 1.1687E-01 1.0006E-01 1.6929E-02 -5.3196E-03 1.0000E+00 1.8701E-03     2
1.9524E-02 8.9500E-01 7.2428E-02 5.6579E-02 1.5899E-02 -5.7213E-03 1.0000E+00 1.7652E-03     2
1.9524E-02 9.0000E-01 5.4426E-02 3.9488E-02 1.4967E-02 -6.0964E-03 1.0000E+00 1.6642E-03     2
