 DDSCAT --- DDSCAT 7.0.7 [09.12.11]   
 TARGET --- Cyl.prism, NAT=  17784 NFAC=1976 NLAY=   9 asp.ratio= 0.1794      
 GPFAFT --- method of solution 
 GKDLDR --- prescription for polarizabilities
 CYLINDER1 --- shape 
  17784 = NAT0 = number of dipoles
 diel.tab                                                    
   0.000   0.000 = beta_min, beta_max ;  NBETA = 1
   0.000 180.000 = theta_min, theta_max; NTHETA= 5
   0.000 180.000 = phi_min, phi_max   ;   NPHI = 5
10.0000 = ETASCA (param. controlling # of scatt. dirs used to calculate <cos> etc.
 Results averaged over   25 target orientations
                   and  2 incident polarizations
   aeff       wave       Q_ext     Q_abs      Q_sca     g(1)=<cos>  <cos^2>    Q_bk       Nsca
1.6158E-02 3.0000E-01 6.1688E-01 6.0928E-01 1.0106E-02  9.3453E-02 1.0000E+00 7.9575E-04     2
1.6158E-02 3.0500E-01 5.1647E-01 5.1145E-01 6.9092E-03  9.1339E-02 1.0000E+00 5.3107E-04     2
1.6158E-02 3.1000E-01 4.1597E-01 4.1270E-01 4.6039E-03  8.9200E-02 1.0000E+00 3.4833E-04     2
1.6158E-02 3.1500E-01 3.1855E-01 3.1606E-01 3.5177E-03  8.6566E-02 1.0000E+00 2.6687E-04     2
1.6158E-02 3.2000E-01 2.8264E-01 2.7924E-01 4.5655E-03  8.3244E-02 1.0000E+00 3.6255E-04     2
1.6158E-02 3.2500E-01 4.6747E-01 4.5721E-01 1.2223E-02  7.7300E-02 1.0000E+00 1.0505E-03     2
1.6158E-02 3.3000E-01 9.6894E-01 9.3058E-01 4.1073E-02  6.1095E-02 1.0000E+00 3.6896E-03     2
1.6158E-02 3.3500E-01 9.8082E-01 9.2505E-01 5.7212E-02  5.7048E-02 1.0000E+00 4.9508E-03     2
1.6158E-02 3.4000E-01 5.4797E-01 5.2365E-01 2.4921E-02  1.2274E-01 1.0000E+00 1.9468E-03     2
1.6158E-02 3.4500E-01 4.2436E-01 4.0752E-01 1.7096E-02  9.7298E-02 1.0000E+00 1.3775E-03     2
1.6158E-02 3.5000E-01 3.0701E-01 2.9346E-01 1.3354E-02  8.2826E-02 1.0000E+00 1.1205E-03     2
1.6158E-02 3.5500E-01 2.6207E-01 2.4978E-01 1.1812E-02  7.0927E-02 1.0000E+00 1.0537E-03     2
1.6158E-02 3.6000E-01 2.8722E-01 2.7452E-01 1.2214E-02  6.4244E-02 1.0000E+00 1.1355E-03     2
1.6158E-02 3.6500E-01 3.2920E-01 3.1668E-01 1.2252E-02  6.2855E-02 1.0000E+00 1.1316E-03     2
1.6158E-02 3.7000E-01 2.6832E-01 2.5695E-01 1.0920E-02  6.6395E-02 1.0000E+00 1.0257E-03     2
1.6158E-02 3.7500E-01 2.2869E-01 2.1630E-01 1.1734E-02  6.8388E-02 1.0000E+00 1.1362E-03     2
1.6158E-02 3.8000E-01 2.2741E-01 2.1360E-01 1.3172E-02  6.9550E-02 1.0000E+00 1.2996E-03     2
1.6158E-02 3.8500E-01 2.6919E-01 2.5381E-01 1.5047E-02  6.9922E-02 1.0000E+00 1.4976E-03     2
1.6158E-02 3.9000E-01 3.8002E-01 3.6195E-01 1.8291E-02  7.1842E-02 1.0000E+00 1.7963E-03     2
1.6158E-02 3.9500E-01 5.7731E-01 5.5308E-01 2.4743E-02  7.8139E-02 1.0000E+00 2.3189E-03     2
1.6158E-02 4.0000E-01 5.3524E-01 5.0752E-01 2.7037E-02  7.5322E-02 1.0000E+00 2.5065E-03     2
1.6158E-02 4.0500E-01 4.3603E-01 4.0661E-01 2.7997E-02  6.7526E-02 1.0000E+00 2.6293E-03     2
1.6158E-02 4.1000E-01 3.7609E-01 3.4537E-01 2.8969E-02  6.2376E-02 1.0000E+00 2.7653E-03     2
1.6158E-02 4.1500E-01 3.3323E-01 3.0012E-01 3.1137E-02  5.9558E-02 1.0000E+00 2.9852E-03     2
1.6158E-02 4.2000E-01 2.7798E-01 2.4312E-01 3.2838E-02  5.5734E-02 1.0000E+00 3.1712E-03     2
1.6158E-02 4.2500E-01 2.4509E-01 2.0873E-01 3.4407E-02  5.3863E-02 1.0000E+00 3.3501E-03     2
1.6158E-02 4.3000E-01 2.3149E-01 1.9329E-01 3.6325E-02  5.3364E-02 1.0000E+00 3.5572E-03     2
1.6158E-02 4.3500E-01 2.2559E-01 1.8562E-01 3.8195E-02  5.3705E-02 1.0000E+00 3.7546E-03     2
1.6158E-02 4.4000E-01 2.1558E-01 1.7316E-01 4.0683E-02  5.4764E-02 1.0000E+00 4.0115E-03     2
1.6158E-02 4.4500E-01 2.1851E-01 1.7247E-01 4.4323E-02  5.7499E-02 1.0000E+00 4.3762E-03     2
1.6158E-02 4.5000E-01 2.3052E-01 1.8003E-01 4.8765E-02  6.1931E-02 1.0000E+00 4.8118E-03     2
1.6158E-02 4.5500E-01 2.7009E-01 2.1379E-01 5.4523E-02  6.8899E-02 1.0000E+00 5.3699E-03     2
1.6158E-02 4.6000E-01 3.3066E-01 2.6824E-01 6.0574E-02  7.8354E-02 1.0000E+00 5.9369E-03     2
1.6158E-02 4.6500E-01 4.0037E-01 3.3071E-01 6.7816E-02  8.9297E-02 1.0000E+00 6.5851E-03     2
1.6158E-02 4.7000E-01 4.8730E-01 4.0969E-01 7.5905E-02  7.4683E-02 1.0000E+00 7.4804E-03     2
1.6158E-02 4.7500E-01 5.5353E-01 4.6695E-01 8.5046E-02  2.9173E-02 1.0000E+00 8.7724E-03     2
1.6158E-02 4.8000E-01 5.6015E-01 4.6337E-01 9.5347E-02 -3.8128E-02 1.0000E+00 1.0499E-02     2
1.6158E-02 4.8500E-01 5.3518E-01 4.2589E-01 1.0795E-01 -5.1399E-02 1.0000E+00 1.2033E-02     2
1.6158E-02 4.9000E-01 5.6527E-01 4.4051E-01 1.2355E-01 -3.9410E-02 1.0000E+00 1.3623E-02     2
1.6158E-02 4.9500E-01 6.3363E-01 4.9058E-01 1.4195E-01 -2.8528E-02 1.0000E+00 1.5504E-02     2
1.6158E-02 5.0000E-01 7.2995E-01 5.6438E-01 1.6455E-01 -2.0602E-02 1.0000E+00 1.7859E-02     2
1.6158E-02 5.0500E-01 8.4404E-01 6.4997E-01 1.9314E-01 -1.5122E-02 1.0000E+00 2.0877E-02     2
1.6158E-02 5.1000E-01 9.9895E-01 7.6694E-01 2.3116E-01 -1.1436E-02 1.0000E+00 2.4930E-02     2
1.6158E-02 5.1500E-01 1.2035E+00 9.1908E-01 2.8365E-01 -8.7973E-03 1.0000E+00 3.0551E-02     2
1.6158E-02 5.2000E-01 1.5479E+00 1.1910E+00 3.5625E-01 -6.5636E-03 1.0000E+00 3.8341E-02     2
1.6158E-02 5.2500E-01 2.0685E+00 1.6148E+00 4.5297E-01 -4.8034E-03 1.0000E+00 4.8739E-02     2
1.6158E-02 5.3000E-01 2.7796E+00 2.1939E+00 5.8510E-01 -3.4819E-03 1.0000E+00 6.2959E-02     2
1.6158E-02 5.3500E-01 3.7268E+00 2.9430E+00 7.8329E-01 -2.4749E-03 1.0000E+00 8.4294E-02     2
1.6158E-02 5.4000E-01 5.3282E+00 4.2018E+00 1.1262E+00 -1.6662E-03 1.0000E+00 1.2123E-01     2
1.6158E-02 5.4500E-01 8.1544E+00 6.4758E+00 1.6789E+00 -1.0450E-03 1.0000E+00 1.8081E-01     2
1.6158E-02 5.5000E-01 1.2303E+01 9.8166E+00 2.4877E+00 -5.9017E-04 1.0000E+00 2.6805E-01     2
1.6158E-02 5.5500E-01 1.8474E+01 1.4624E+01 3.8523E+00 -2.5023E-04 1.0000E+00 4.1540E-01     2
1.6158E-02 5.6000E-01 2.4856E+01 1.9646E+01 5.2152E+00  3.2423E-05 1.0000E+00 5.6331E-01     2
1.6158E-02 5.6500E-01 2.4492E+01 1.9363E+01 5.1349E+00  2.3475E-04 1.0000E+00 5.5564E-01     2
1.6158E-02 5.7000E-01 1.8339E+01 1.4408E+01 3.9361E+00  3.8739E-04 1.0000E+00 4.2657E-01     2
1.6158E-02 5.7500E-01 1.1955E+01 9.3533E+00 2.6053E+00  4.9599E-04 1.0000E+00 2.8258E-01     2
1.6158E-02 5.8000E-01 7.5930E+00 5.9267E+00 1.6689E+00  5.7753E-04 1.0000E+00 1.8114E-01     2
1.6158E-02 5.8500E-01 5.4124E+00 4.3047E+00 1.1099E+00  6.3755E-04 1.0000E+00 1.2049E-01     2
1.6158E-02 5.9000E-01 4.0291E+00 3.1964E+00 8.3432E-01  6.3898E-04 1.0000E+00 9.0632E-02     2
1.6158E-02 5.9500E-01 2.8525E+00 2.2460E+00 6.0768E-01  6.5520E-04 1.0000E+00 6.6064E-02     2
1.6158E-02 6.0000E-01 2.1619E+00 1.7067E+00 4.5614E-01  6.8690E-04 1.0000E+00 4.9621E-02     2
1.6158E-02 6.0500E-01 1.7129E+00 1.3627E+00 3.5100E-01  6.5784E-04 1.0000E+00 3.8206E-02     2
1.6158E-02 6.1000E-01 1.4298E+00 1.1537E+00 2.7684E-01  6.0359E-04 1.0000E+00 3.0145E-02     2
1.6158E-02 6.1500E-01 1.3069E+00 1.0827E+00 2.2501E-01  5.4837E-04 1.0000E+00 2.4498E-02     2
1.6158E-02 6.2000E-01 1.2450E+00 1.0501E+00 1.9573E-01  4.5049E-04 1.0000E+00 2.1303E-02     2
1.6158E-02 6.2500E-01 1.0912E+00 9.1660E-01 1.7530E-01  3.8092E-04 1.0000E+00 1.9092E-02     2
1.6158E-02 6.3000E-01 9.0156E-01 7.4954E-01 1.5261E-01  3.7160E-04 1.0000E+00 1.6635E-02     2
1.6158E-02 6.3500E-01 7.8344E-01 6.5142E-01 1.3254E-01  2.8606E-04 1.0000E+00 1.4456E-02     2
1.6158E-02 6.4000E-01 7.0093E-01 5.8332E-01 1.1809E-01  1.7317E-04 1.0000E+00 1.2886E-02     2
1.6158E-02 6.4500E-01 5.7734E-01 4.7291E-01 1.0480E-01  9.3421E-05 1.0000E+00 1.1448E-02     2
1.6158E-02 6.5000E-01 4.9984E-01 4.0881E-01 9.1351E-02  1.7335E-05 1.0000E+00 9.9859E-03     2
1.6158E-02 6.5500E-01 4.8105E-01 4.0006E-01 8.1335E-02 -4.6569E-05 1.0000E+00 8.8897E-03     2
1.6158E-02 6.6000E-01 4.5359E-01 3.7958E-01 7.4349E-02 -9.8271E-05 1.0000E+00 8.1269E-03     2
1.6158E-02 6.6500E-01 4.1589E-01 3.4812E-01 6.8091E-02 -2.0571E-04 1.0000E+00 7.4461E-03     2
1.6158E-02 6.7000E-01 3.5362E-01 2.9127E-01 6.2602E-02 -3.0955E-04 1.0000E+00 6.8536E-03     2
1.6158E-02 6.7500E-01 2.9282E-01 2.3656E-01 5.6445E-02 -4.7940E-04 1.0000E+00 6.1873E-03     2
1.6158E-02 6.8000E-01 2.6060E-01 2.0997E-01 5.0802E-02 -6.1308E-04 1.0000E+00 5.5725E-03     2
1.6158E-02 6.8500E-01 2.5098E-01 2.0496E-01 4.6193E-02 -6.1150E-04 1.0000E+00 5.0671E-03     2
1.6158E-02 6.9000E-01 2.3537E-01 1.9279E-01 4.2744E-02 -6.7367E-04 1.0000E+00 4.6900E-03     2
1.6158E-02 6.9500E-01 2.1543E-01 1.7651E-01 3.9073E-02 -7.5858E-04 1.0000E+00 4.2891E-03     2
1.6158E-02 7.0000E-01 2.2509E-01 1.8899E-01 3.6280E-02 -8.6569E-04 1.0000E+00 3.9797E-03     2
1.6158E-02 7.0500E-01 2.0006E-01 1.6589E-01 3.4329E-02 -1.0438E-03 1.0000E+00 3.7695E-03     2
1.6158E-02 7.1000E-01 1.8026E-01 1.4881E-01 3.1590E-02 -1.1624E-03 1.0000E+00 3.4711E-03     2
1.6158E-02 7.1500E-01 1.6836E-01 1.3852E-01 2.9966E-02 -1.2650E-03 1.0000E+00 3.2940E-03     2
1.6158E-02 7.2000E-01 1.3165E-01 1.0409E-01 2.7640E-02 -1.4243E-03 1.0000E+00 3.0437E-03     2
1.6158E-02 7.2500E-01 1.2917E-01 1.0363E-01 2.5626E-02 -1.5480E-03 1.0000E+00 2.8220E-03     2
1.6158E-02 7.3000E-01 1.1365E-01 8.9597E-02 2.4129E-02 -1.6296E-03 1.0000E+00 2.6596E-03     2
1.6158E-02 7.3500E-01 9.8169E-02 7.5812E-02 2.2416E-02 -1.7798E-03 1.0000E+00 2.4731E-03     2
1.6158E-02 7.4000E-01 9.3633E-02 7.2766E-02 2.0925E-02 -1.8657E-03 1.0000E+00 2.3093E-03     2
1.6158E-02 7.4500E-01 8.9773E-02 7.0314E-02 1.9518E-02 -1.9364E-03 1.0000E+00 2.1545E-03     2
1.6158E-02 7.5000E-01 9.5242E-02 7.6876E-02 1.8436E-02 -1.9827E-03 1.0000E+00 2.0339E-03     2
1.6158E-02 7.5500E-01 9.0133E-02 7.2804E-02 1.7396E-02 -2.1709E-03 1.0000E+00 1.9200E-03     2
1.6158E-02 7.6000E-01 1.0257E-01 8.6050E-02 1.6606E-02 -2.3355E-03 1.0000E+00 1.8305E-03     2
1.6158E-02 7.6500E-01 8.6869E-02 7.0984E-02 1.5953E-02 -2.4571E-03 1.0000E+00 1.7610E-03     2
1.6158E-02 7.7000E-01 7.7396E-02 6.2327E-02 1.5125E-02 -2.6296E-03 1.0000E+00 1.6711E-03     2
1.6158E-02 7.7500E-01 6.3873E-02 4.9549E-02 1.4364E-02 -2.8116E-03 1.0000E+00 1.5892E-03     2
1.6158E-02 7.8000E-01 5.6419E-02 4.2932E-02 1.3521E-02 -2.9715E-03 1.0000E+00 1.4973E-03     2
1.6158E-02 7.8500E-01 5.0905E-02 3.8145E-02 1.2789E-02 -3.0092E-03 1.0000E+00 1.4169E-03     2
1.6158E-02 7.9000E-01 4.8245E-02 3.6191E-02 1.2082E-02 -3.0936E-03 1.0000E+00 1.3391E-03     2
1.6158E-02 7.9500E-01 4.4926E-02 3.3518E-02 1.1433E-02 -3.2739E-03 1.0000E+00 1.2678E-03     2
1.6158E-02 8.0000E-01 4.6359E-02 3.5607E-02 1.0781E-02 -3.3463E-03 1.0000E+00 1.1954E-03     2
1.6158E-02 8.0500E-01 5.5592E-02 4.5383E-02 1.0253E-02 -3.2529E-03 1.0000E+00 1.1352E-03     2
1.6158E-02 8.1000E-01 6.1562E-02 5.1745E-02 9.8739E-03 -3.0875E-03 1.0000E+00 1.0915E-03     2
1.6158E-02 8.1500E-01 5.8453E-02 4.8988E-02 9.5180E-03 -3.2118E-03 1.0000E+00 1.0526E-03     2
1.6158E-02 8.2000E-01 5.2636E-02 4.3598E-02 9.0840E-03 -3.3546E-03 1.0000E+00 1.0056E-03     2
1.6158E-02 8.2500E-01 4.9816E-02 4.1211E-02 8.6476E-03 -3.5281E-03 1.0000E+00 9.5772E-04     2
1.6158E-02 8.3000E-01 4.7059E-02 3.8874E-02 8.2251E-03 -3.7199E-03 1.0000E+00 9.1134E-04     2
1.6158E-02 8.3500E-01 5.1350E-02 4.3593E-02 7.8073E-03 -3.9213E-03 1.0000E+00 8.6409E-04     2
1.6158E-02 8.4000E-01 5.7915E-02 5.0481E-02 7.5004E-03 -4.0805E-03 1.0000E+00 8.2836E-04     2
1.6158E-02 8.4500E-01 6.7602E-02 6.0460E-02 7.2372E-03 -4.2424E-03 1.0000E+00 7.9624E-04     2
1.6158E-02 8.5000E-01 7.5894E-02 6.8894E-02 7.1206E-03 -4.3767E-03 1.0000E+00 7.8032E-04     2
1.6158E-02 8.5500E-01 6.7050E-02 6.0166E-02 6.9801E-03 -4.4983E-03 1.0000E+00 7.6755E-04     2
1.6158E-02 8.6000E-01 5.0417E-02 4.3766E-02 6.7073E-03 -4.6744E-03 1.0000E+00 7.4173E-04     2
1.6158E-02 8.6500E-01 3.9284E-02 3.2957E-02 6.3636E-03 -4.9079E-03 1.0000E+00 7.0606E-04     2
1.6158E-02 8.7000E-01 3.8990E-02 3.2947E-02 6.0817E-03 -5.1344E-03 1.0000E+00 6.7468E-04     2
1.6158E-02 8.7500E-01 3.5390E-02 2.9581E-02 5.8417E-03 -5.2355E-03 1.0000E+00 6.4868E-04     2
1.6158E-02 8.8000E-01 3.4797E-02 2.9242E-02 5.5872E-03 -5.0138E-03 1.0000E+00 6.2024E-04     2
1.6158E-02 8.8500E-01 3.5725E-02 3.0353E-02 5.4078E-03 -4.8846E-03 1.0000E+00 5.9980E-04     2
1.6158E-02 8.9000E-01 3.0099E-02 2.4920E-02 5.2054E-03 -5.0817E-03 1.0000E+00 5.7852E-04     2
1.6158E-02 8.9500E-01 2.7634E-02 2.2660E-02 4.9973E-03 -5.1770E-03 1.0000E+00 5.5576E-04     2
1.6158E-02 9.0000E-01 2.5925E-02 2.1143E-02 4.8034E-03 -4.9013E-03 1.0000E+00 5.3433E-04     2
